[   3.4662621   169.28146139  156.59334419  133.68566924  218.83318996
  301.13734358  263.02261316  119.89765979  119.85933969  138.49407668
  -70.00328473  -55.68435161]
[  53.6941825   107.85308812   58.14438626  173.8418481   140.97959573
   86.65396215   97.73481876   60.90472341  114.34607177  104.42158129
   53.69426879   -0.37087492]
[ 101.62790383   99.05782574  113.74872942  118.50060707  123.12371857
  120.66074663  133.80763037  107.63206072  106.48656997  100.99717066
  110.29546772   53.97814878]
[   5.94150515  125.75307053   39.54247637  145.87908938  163.84341819
  112.59296191  177.17968193   85.57112317   67.70938317   89.9295819
  148.50818052   24.0833777 ]
[ -54.14693051   42.75452077  159.53696117   68.12447994  293.42013826
  132.49660785  176.46321614  163.92626311  275.30292237 -242.39481066
  159.23682527  -61.55501546]
[   2.60062506   51.6107598    82.91862195   -0.84634445  161.64805847
  104.02467841   65.92600267   58.25596962   58.08461437  -36.4550641
  144.89339968  142.6725684 ]
[   4.75272733   36.59878178  -29.25143987  131.61473449  100.8509161
   45.25320265  101.11265934   55.63849632   43.21824321   38.02423316
  -47.61644237 -188.28999974]
[  19.16787533   77.15829347   72.2910455   141.41043448  312.65237366
  185.67645317  109.8954483    27.53564036   53.06722782  106.87857579
   25.73399083   24.8444653 ]
[   3.40712605   12.6972759   -46.03349054   65.43743245  193.91026494
  147.49846795  187.32815092   91.83936613   -8.58613033   69.02119141
  152.51443905  103.57331865]
[  14.08647327   45.10610216    2.34974368  141.30262079  241.793583
  233.84007485  315.35875248  142.71673066  176.70396188  249.04156991
  131.98017574   71.68497819]
[  18.89808831   60.05779578  -16.08692445   86.9617322    48.77052505
   32.50683816  236.87459171  178.25700104  102.77956441  143.14975344
   90.63791956  -72.58222045]
[   3.4753042    39.20697218  -81.12129812   50.96167717  155.41094393
  147.74701339  213.25814211  218.35177112  190.01124436  273.37539066
  262.65682963   61.49517326]
[  11.33163196   12.32449558  -41.67167301  122.61110198  164.48214228
  160.90272248  191.33265665   41.37417849  -36.51301569   27.28626932
   54.33409513  149.80403118]
[  34.2352984    79.98276802  -10.18991304   45.30380522  143.54300887
  116.15750039  212.80958901  116.76776062   47.96271404  142.13945698
  210.86573349   89.2362824 ]
[  19.74126064   40.28803526  -50.9979171    61.06616485  161.83965006
  130.166561    164.41597075  120.78314528  -30.0502725   211.97497675
  142.51166721  121.95852277]
[  -8.24531926   12.90487145 -101.88575302   18.60075611  104.79042087
  103.58073573  320.91101518  132.70867578  180.8871125   182.78001422
  213.85564188  199.78008471]
[  -0.7624515    67.31584047  -22.20317738   76.26618693  153.35622805
  149.84147063  258.81731566  102.33299876  136.40764965   93.24996875
   26.62585815  -66.93088944]
[   2.31083537   42.06852997   35.66845485   73.49537905  124.11066107
  -38.20879983  -12.84357265  -87.82119501   14.9914178    34.67568232
   -7.46510344  -49.517966  ]
[   3.18058188   32.78011216  144.22166022  125.12808098  146.92814352
  104.01268089   74.60457405 -101.30041268 -248.78301033  -60.99805897
   54.2193438   -71.88038296]
[   0.8414905    67.70102447   77.31550881    2.15441178   70.23731392
   89.46097865   51.15799854   -5.91729107   34.55500587   14.80851321
   76.74864745 -154.41240679]
[ -49.49259468   20.62734257  197.98467995  -52.73653914   37.28902778
   44.33471447  110.23432747  145.92188302  -14.55969071  137.40891338
  189.69644352  -43.30862111]
[  -7.58941884   53.5073433   102.15608131   54.90639663  153.19272066
   97.87888699  173.09340666   92.30204752    0.80782106 -133.97757998
   -1.35185789   77.57882452]
[ -36.6385378   -29.91522761  167.19822811   44.17786342  103.54793149
  109.83608642  243.44098065   42.83465384   -1.73209681  106.17383188
   71.22032872  -21.50905942]
[-120.09889594  125.06186382  172.31782991    7.2048988   185.90548454
  -47.97131722  225.23795485  137.88590432  101.01038111   15.80859679
  120.98566959   97.87683871]
[  -9.5306289    46.69329759   41.88308511   22.8393793   154.562267
   69.51121889   46.79741452   25.19039965  -75.40586522   37.34297305
  205.55985229  106.12504525]
[ -26.34650543    9.14491955  -12.268903     22.57782837  173.05028026
  127.3788501   244.76889995  151.63615162   90.93592468   48.52052056
  199.40124969 -110.57201914]
[ -26.83334473   16.53643681  -63.16330325   37.36181957  212.1006014
   39.63576617  141.68095889   68.9863024    72.13221213   28.02504457
   54.5724821   -30.49492369]
[ -38.62275031   14.98656537  -35.40849988   32.83198018  250.47755088
   72.63693391  305.78244554  263.01174218   90.03427003   68.9388513
  120.16032613   83.07959753]
[ -28.60275296   -6.39094164  -28.28659249   64.46969493  114.41065777
  -10.44680689  166.54041568  130.82999146  197.02065442  119.62005407
  162.02729498  116.86473475]
[  -9.36729472   43.81362873    7.82336215   78.40292657  173.41321194
   69.36616459  282.47109637   88.93308611  139.53969354  143.444868
   82.34080755  -51.95066731]
[  -9.44850834   35.66327594  -13.48406368   40.7268891   163.87228854
   66.72206575  261.17062063  162.35765265   79.86007056   15.8841429
   94.91936547   16.31942514]
[  -8.27843355   56.11595649   27.72665652   74.92863813  114.3949915
    7.02392239  227.47317013   84.49120622  -68.47102617   -9.07997541
   88.98900401  -67.92040087]
[ -25.90625462   72.18205604   56.42218064  145.21321203  242.92419049
  160.32961853  366.95333044  105.3751213    23.78079844  -61.32659737
    8.49561336    2.70285583]
[ -46.62061363   26.42640425  -60.22524258   69.35251255  107.03862429
   93.36371613  278.72234605   18.86241429  -66.11814738  102.90522105
   27.49442998  -62.61995084]
[ -39.51478798   22.89704064  -77.02491198   27.67569608  128.71602597
  -59.31177285  111.86414716   96.15783045  -20.28339542 -146.52362985
  -69.68550814 -174.04917224]
[ -31.71272024   65.61322317  -47.27522562   -1.73371178   81.92624418
   40.61284051  193.58521297   25.41296472   69.19282853  189.46792244
  254.42172825   69.40767138]
[   0.56065412  128.80193972   24.06707473  159.37056255   98.19447568
   -1.35221013  201.1381474    50.96354247  125.92470355  129.50013387
  110.17152113   82.90106748]
[ -72.39805327  -49.89708356  -85.84356218   56.64733892  328.43751304
  -16.11704586   65.74152857   44.06888844  220.61255308  291.40749009
  307.11372644   81.81531145]
[  -9.15450212   98.13069711   41.75927439   68.82696983  251.53789087
   50.7705182   187.10333221   90.92578857  105.25727817  108.95910646
   89.07489979  -59.09848147]
[ -47.80902706    6.36989854  -24.61066907   43.40694889  128.75278068
   58.63917278  256.03269902   81.28824584   52.21089018   60.29086821
   86.39763286   26.59463882]
[ -40.43185573  -42.33552708   47.20726347   86.0721783    49.82249816
  129.87554529  325.52249666   38.69223013  126.68084958  183.48368966
  232.38038666  118.32385273]
[ -38.31634164   30.29325792  -98.68640104  -16.64827444  -93.20561227
  -75.22843709  102.09550255   50.02406983   56.69177047   12.87845417
  173.65085111    9.3958346 ]
[  -9.03465647    7.67874692  -31.23469124   92.44200583  140.96568573
   61.6685356   253.68323148  234.27888948  211.71425881  110.45569139
  113.06711335   28.40392763]
[ -25.33021395   15.71434004   22.87293629   99.73355556  142.34607781
   56.50292966  273.08329843  243.52983298  136.93461472   57.39829298
   33.04276981  -62.38976885]
[  -9.33516007   56.17625906  -15.00969777  132.36397063  163.17898077
  106.42255156  140.52064159   88.68111587  171.11193599   90.6769459
  143.01212379   38.90038442]
[ -30.13427067  -87.44096422   -9.8738039    79.76359079  158.53390692
   78.36276069  231.72967045 -100.93767217  -64.98624598  100.31308813
  117.66243712   41.96000679]
[  -3.34604116   53.95035609   62.27338163  210.76074054  235.97368822
  123.48692523  233.04682467   49.39195153  116.77499692   35.69746911
  -43.01660948  -15.44873865]
[  -1.36792713   36.55217549  -76.58925486   18.50406756   46.83622777
  -66.66985571   48.18762067   12.27742442  174.85179681  128.64425142
   59.81649626  -63.40433557]
[   7.45705177   48.48500552   -3.01962637   81.82525889  187.96569585
   93.34655775  153.03366566   40.20117063  -16.26425835  -28.51496146
  112.50615102  -63.23942551]
[ -21.48282544    9.61705371  -76.10092094   44.95643015   87.13984964
   33.54007802  128.74830267   42.66005597  123.32335659   57.79030319
  150.19810401  -23.25574991]
[  12.71010781  -68.12388298  -67.62573971  -16.87534621   85.72218935
   -9.70384614  -45.93864153   16.83160078  311.60321434  238.29815516
   11.09033287  122.16286264]
[  24.79388289   -7.42710028   -7.32515311  -50.19121625   71.2190707
   61.47605009   11.23086357  -74.90314626  119.90981083  179.67317211
  175.62500126  123.92402128]
[   7.47590555  -23.20359171   52.09553728  -41.81782015  -18.18977781
  -96.09677614  -94.3531921   -94.38380017  105.62055291  159.86039983
   32.1201242   -81.43666704]
[  2.32124497e-01  -6.38062729e+01  -1.01326029e+02  -9.74658341e+01
  -2.76230578e+01  -8.65590581e+01  -1.36227785e+02  -2.47964891e+02
   9.30862007e+00   3.88696010e+01  -4.89155185e+00  -1.62974501e+02]
[ -2.20374174e-01  -1.01137416e+02  -3.76792208e+01  -6.50099387e+00
   1.08245105e+01  -5.02392348e+01  -1.06216587e+02  -2.52011725e+02
   1.88068326e+02   1.75421263e+02   9.77199176e+01   5.20460950e+01]
[  10.06902284 -114.92244811  -27.82413036   -2.9666762    50.10402373
   20.84042998  -41.82383292  -53.85056439  246.15201319  247.88432468
  -26.24057858   10.4842193 ]
[  17.59426154  -68.05397554  -41.76691998  -18.56387755  116.33854344
 -162.56850933 -115.8743034  -237.02981203 -140.57373138   -9.15216989
  -34.93973713  -29.07865315]
[  10.86228719  -50.87610427  -41.37597305  -54.72399218   82.53622578
 -145.85435477 -102.19689759 -124.76769774   20.75108366  134.24349878
  116.97354203  110.78671161]
[  24.7654413  -117.62715276    3.74058399   47.16929872  100.20738151
    3.46706442  -55.00034994 -129.67554348   63.2450539   153.59818659
   75.19891862   67.82013866]
[   4.7788193  -132.07992122   -1.70582439   25.45601842   46.25930002
 -157.24940565 -239.17462119 -129.75689807   -7.4403238   -94.8955081
  -50.93748321   47.69638122]
[  19.40339242 -127.32085611   45.18261621  171.6900308   164.6022731
  -82.92356389 -224.16770658 -115.33215194   -5.1572357    14.97193558
  -17.11418227   47.54772247]
[  32.97888179 -133.78141418   12.6590045    76.9210794    60.03996027
  -12.80790598 -191.24050874 -207.87480231   -7.50057005  -75.86924798
 -151.22364822 -103.82254613]
[  38.66834256 -126.19997941    5.03184431   66.48925859  102.87398374
  -92.71806863 -187.73687709 -112.22162828  -25.739285    -59.4185263
  -58.17376903  -25.6405456 ]
[  30.45601332 -116.19245277   35.43260444   84.51169966  101.50580871
   10.91556938  -82.51405854  -78.95845578   21.32828867 -109.50313869
 -151.12617445  -56.34971356]
[  10.71415142 -133.33704251    0.80556552   13.75961719   39.8341822
 -106.05336498 -159.1581124    -4.66527657   18.36728116  -77.93685673
  -44.25371161  185.51304817]
[  24.13680899 -114.04614202  -40.76933748   -7.90587681  -42.38854117
  -88.58659813 -233.78416887  -55.90944498  -28.94732251 -142.20624911
   13.65223875   54.14822669]
[  10.55260622 -120.20316971  -44.98692114   49.06292675  -20.42468446
 -190.49970126 -171.28664071  -72.40581347  -67.99464104 -168.47942613
   54.7197236   -97.44679722]
[  13.09770889 -137.13881224  -89.76121566  -23.86879943 -124.62755703
 -282.08403461 -140.2053474  -207.77124707 -191.59525559  -95.1373637
  -41.89767858   98.06130994]
[  37.60664638  -89.25235302  -58.94100357  -38.92259115  -19.03338132
 -129.25562385  -94.99404367  -36.75946536  -60.10488715  -34.26220943
  135.21371677  206.10794941]
[  43.94735126  -97.20866821  -42.87860023  -53.61774341   60.58508918
 -109.8849591   -98.44518356  -81.39733518 -172.57282447  -49.544298
   66.58708593  111.518413  ]
[  34.73468585  -86.45683145  -81.82938153  -93.32883018  -35.09328123
 -201.86047384 -199.57880021 -200.34416141 -165.72458706  -95.01662873
   68.56156576  103.31684388]
[  55.38301271  -39.12848056  -60.83569418 -135.60522108  -37.38512107
 -163.30607442  -50.75501272  -90.27170802 -210.51245928  -42.12905655
    0.26911185   37.94016037]
[  42.52149209  -64.41175244  -61.04171037  -79.98647521   85.33706275
  -92.09574197 -177.59619533  -58.20007172 -103.0446623  -117.7830933
  -56.64494054  -66.07317394]
[  53.64626386  -18.26995235   -6.16737207  -81.1295634    96.59071352
 -151.66623284 -228.92739237 -111.20097663 -245.37930628  -63.41577065
  -62.1999209   -45.99775038]
[  33.40646623  -15.12842924  -64.54430407 -190.62575267  -58.91176357
 -251.4113923  -150.67143921 -169.1203652  -253.05435415 -165.52628794
   17.03370822   24.618381  ]
[  33.17255097   -2.38084003  -18.85302822  -58.88105083   40.57804569
 -232.87989956 -218.73605069  -80.85498811 -241.30909329 -187.54826505
  144.97601518   61.30336385]
[  44.23875823  -17.33482073  -77.06737843  -18.08263047  -23.20469269
  -97.11191473 -182.40454563  -57.54487303  -11.22530102  109.71278847
  190.2997414   198.36656804]
[  41.06474665   -0.4250067   -60.02815273  -39.49614409    6.45471479
 -126.7054388  -167.56314828   64.10591393  -73.40548973   63.39013013
  216.66393184   87.25743016]
[  31.48799404  -52.08774863 -152.4715261  -133.34097652  -88.11650212
 -143.50911315 -192.79588849 -124.03028232  -73.7135446   -24.19480422
   73.98962561  100.00225567]
[  34.78181591    5.5493635  -135.49772876   33.96871078  154.60210848
  -87.66392353 -139.56407084  -89.37770572  -84.59027789 -101.27618595
   24.72113088  123.15855712]
[ 23.86664081   0.71444942 -72.40512778  22.68073784  -7.06290185
 -22.72235045 -82.77039947 -67.5611974   19.82723339  34.94089196
  73.47771631 -10.82799813]
[  21.78898032  -15.05030907  -95.14565238   54.90636096   76.3095419
  -98.93892825  -87.11449606   92.6652213    19.60147914   80.23981864
  108.20467166  106.03503208]
[  28.82238205   15.93261572  -82.02071107   26.84790626    4.22139456
 -151.95290182   -6.65892063   55.29246237    4.43882994   84.09581838
   87.03904104  -81.08765085]
[  31.01485074   31.42336332  -61.88757512   64.12715345   55.75345455
  -26.80071952   24.02114439   67.03867422   62.36993924  173.24475135
  276.82197598  201.43712058]
[  30.13598119   37.38515497  -35.03169677  153.10870358  206.22428968
   82.82063269  -80.28957839 -105.26491433 -104.04403745   18.12412919
  145.96511955  147.49336576]
[  45.2583558    52.26018582  -20.43058345  116.078079    102.24854441
   59.47106063   66.35278594   13.97062983  -15.01190233   99.34308516
   99.29439504   58.28159217]
[  26.5622754    14.69459182  -51.55809143  137.54121045  137.951897
  103.99594907  159.50025528  207.22187998   93.7004556   -15.40993609
   53.42015256  103.37569733]
[  20.11227381   18.3306462   -60.64836997  108.83863623  102.75731937
  125.58202571  121.31489835   67.55875095   32.51468873   26.84208032
  141.92445913  -55.33466713]
[  10.35730918   -4.08627908  -73.59620358  132.24887859  176.85191658
  154.3512838   129.4440437   106.76561819   42.50211071  134.49947186
  208.46480099  129.58987036]
[ 20.59703545  30.91860594 -69.67747145  46.99770229  92.93737482
  54.10338014  15.93333222 -19.51172656 -28.45176852  56.71135849
  70.53529116  69.90098564]
[   2.24659834   -2.7922103   -78.56305477   12.95390595    8.11496497
   68.8848161    27.32975039 -122.95711011  -86.33665457  138.68260917
  309.58605858  138.16533294]
[  10.26019917  -16.47903791  -91.73516721   99.26018414  114.1792227
   24.5023577   207.5025771   213.56522086   92.45530745  209.44812221
  177.56352528  -17.41167765]
[   4.89723345   -8.91098536  -51.22900355   22.19667199   25.14480514
    9.42500822  115.80237327  109.42890706   28.82592604  126.17722927
  267.13183039  158.53451955]
[  -3.18734815  -62.37729071 -182.31869854   27.89443348   14.96488109
   25.23700823   78.94921704   78.4621331   111.14346017   95.10431726
  123.73004279   -9.65138571]
[  64.90093506   62.48113685  -15.83919122   60.45930403  -12.43024211
   -4.67994737  101.51457997   36.83045727   85.10365466  -14.58312852
   13.07390864   56.68996906]
[  23.20634626   76.56042544   68.07561337  252.54370738  272.27068335
  272.26043697  215.15635742  185.17472488   94.18417881  107.99049862
   81.38149237  -10.942132  ]
[  14.60058329   36.12060855  -51.42632638   84.86269651  113.26324711
  117.97702848  173.90062482  104.98463433   16.14557699   50.47830534
   55.18667117  -86.16369124]
[  30.60431967   74.71945235    4.37558286  167.82443206  227.73820821
  215.93059277  177.66615      77.20996301   -2.15698221   -9.93276476
   28.17372038  102.05432497]
[  10.57835699    1.60373554  -82.64431402   54.84015862  132.55684072
  146.42812198  179.16181499  227.28287251   71.12179445   27.97854136
  151.20071053   33.91639121]
[  -4.90936401  -15.4128025   -73.23252825  133.08724031  121.05055114
  158.16953784  272.31068087  188.83136375  223.38168492  255.29839385
  230.65772439   23.18989271]
[  -8.5076663   -36.17659556  -84.81236838   83.1194441    95.64007627
   30.39607446  104.53292105  112.13825849   33.00787388   58.726354
  107.89450227   12.7110828 ]
[  23.69426531   29.47849968  -79.52210048  111.35775346  110.16587538
  118.59746975  105.76809022   61.57881156   48.10916969   70.39637179
   25.41806591  -71.3476193 ]
[  36.10239877   48.34540036  -68.91283109  134.8905862   212.6204857
  235.81375869  314.44000018   57.32107443  -10.44523975   25.86009083
  130.51969069   33.88084928]
[  12.66788904   48.33948059  -42.97507955   47.3173223    76.53667829
  104.34201005  134.36083515   25.6006106    -7.92215142   33.76341072
  246.33119262  176.09812994]
[  29.97890947   56.44976665  -27.94486489  107.39717727  176.80346983
  144.75351894  154.85127121  111.29804066  173.83386247  -10.42262345
  124.14741736   53.72549692]
[  25.42659484   60.44084644  -25.98482876  114.1479384   124.00295423
   34.7588493   179.23812403  264.52726424  109.08951077   88.26625091
  219.64918667   32.93361724]
[  -9.89197213   -1.06340735  -85.88805011    7.76374642  134.52530013
   70.01378053   83.55914716  -23.70294058 -182.64022653    1.73240212
  176.61458785   51.86304311]
[ -12.67739249  -36.47153261  -95.76036252   26.21492599   36.1121711
   71.41396097  133.54703188  186.71780632  206.79170916  204.39719717
  300.54291623  135.86862206]
[  16.74858135   23.53651975  -61.07933346  116.7138611   110.93208038
   59.96089503  138.77301716   12.84093708  -77.21419078  -80.11988816
   67.60215282  -36.12123852]
[ -20.51910851  -22.18407912  -79.17787619   50.0103504   124.20503529
  190.48853802  273.99823601  135.73539166  241.40791497  208.99971829
  159.81354642  110.98568075]
[  -2.97478034   52.43482434   -9.06160804   38.20867252   44.5588371
   94.29884793  253.55000201  144.51140479   52.2760398   -37.93311173
   50.39259903  -20.97194852]
[ -27.70966934   29.63987734   32.57831675   59.7856981   186.88228945
   78.35144352  206.77767433   47.89418024  -34.59142379   93.04237429
  124.8587053   -16.74443208]
[ -16.56026521   16.2762373   -22.44852583  111.80473279  189.44218378
  139.16997216  328.1948868   164.77508967  144.04372745   49.38372949
   95.39713316   29.55373678]
[  -3.90073718   34.85042075  -24.37753189   77.77011674  144.26851295
  117.58777422  211.86099008  154.79556091  116.34433828   91.38369818
  192.25293845   68.01774853]
[  -7.40042041   -5.59794777  -64.29146164  -18.20937643  101.87409114
   38.35563898   95.68821015   18.35212344   90.61040396   -3.18577434
  203.78518101    7.15900425]
[  -1.10449784   51.74749276  -17.53582047   58.75350042  186.33015763
   78.81323242  137.07202555   82.93553999  164.35772639  127.96457714
  219.77525563   28.66236855]
[ -12.99855515    1.41672965  -79.70767039   44.71329452  208.11242923
  194.57220988  300.85617131  191.38828182  198.13983098  165.69601075
  178.64894629   13.49421133]
[ -27.30423732   14.64654144  -23.62745449   50.7345321   212.88332286
  196.75008852  420.3143479   190.47503239   47.74599893  -61.55419296
  -21.99183226  -65.64387871]
[ -11.89786071   -4.35324809  -49.2316891    35.65917392  167.3310894
  106.93079148  222.82322263  170.01232264  191.44843083   48.82215237
  230.76753612  111.64826642]
[ -31.95014723  -23.81304639  -29.67204513   70.19462752  117.87601296
  -70.16738503  100.5936423    74.60283284   53.2672592    76.79532779
  205.20840765  128.98353611]
[ -11.69587082   75.03038187   25.76553287   49.05933887  133.55502903
  135.0045027   274.16281809  122.94934264   23.76948802   -6.5999196
   19.18344657  -69.12616951]
[  39.31995458  114.13075905   79.59294135   62.11873511   41.58859799
  -46.66961706  113.34289523  131.15591019  164.73712112   34.77097368
   -7.36035225  -33.76901112]
[   8.28228794  100.58531641   81.30845308  146.61750976  176.63278204
   92.98474397  182.56796679  -34.15595504  102.2934851   103.38497858
  105.96000663  -16.6038845 ]
[ -16.29431286   16.76719914  -13.62954549   63.39087764  199.87728587
  103.87339044  143.47349638   35.94601181    6.77897315  -56.5123016
   75.73573953   90.41166553]
[  22.57448592  118.36023409  156.35370266  147.47545006  123.45750113
   86.65194232  180.54246504   85.20142584    3.49770162  188.24233069
  225.22826311   61.79661289]
[ -23.21052171   40.28090904   26.65766107   70.58481089  178.65731958
  170.14567652  285.9149698    57.29932058   -6.36818401    6.295724
   21.21776942  -16.59953745]
[ -50.16375925   -4.22012338   18.95625975   17.19294162  106.65173047
   45.72326006  185.3626076    10.86381088    0.20832367  -32.04274938
   96.95166476   -9.27310616]
[ -19.64824722   29.87668145   24.78379706  116.88107605  137.12095818
   42.46055504  199.05749605   84.73336837   47.74608867   93.04427193
  215.9229444   103.29900811]
[ -30.49963635  -12.8072505   -45.85156527   58.74657039  167.48841505
   78.52692187  284.4166592   154.17633031  202.8563928   281.98325049
  228.9745074   153.2426364 ]
[ -37.06319033  -25.58499921  -56.33711797   -4.47797713  157.87609714
  166.63663568  233.05374832   67.15753716   75.8337578    83.63852352
  129.23616488   -4.3766375 ]
[ -43.69514512    7.92589918   -8.2997965    -1.61950561    8.94385788
  -61.66997401   52.18529481   13.95414127  167.55354716   60.60770902
  103.64409092  -11.51002417]
[ -43.36440765    2.64437217    1.280243    -26.6136467    92.5277494
  181.64356238  317.42614291  100.23728578  -14.25940332   40.42185307
  159.58132814 -105.13450259]
[ -54.16105986  -22.1470956     9.54995834   59.15138361  115.46917557
  113.47635738  271.57745545  146.54752491  106.66773661  -97.88468682
   56.64653319  -89.63005469]
[ -52.50923696  -24.66177225  -16.43240558  -42.66970646    5.62632854
  -30.21474307  126.57954665  -58.04532903  124.3910595   131.32038628
  178.46964273   15.01919223]
[ -48.20145524   10.57206252   -0.49982718   49.58588532   91.16715347
    0.64307221  241.5987057   111.44372614   40.91900343  -54.85825813
   27.89952953  -49.76568588]
[ -78.16768719  -39.0995247   -47.05910816 -117.60844129   51.00804306
   85.85813616  181.69346082  -20.221744     60.06957444  157.77106383
  361.7494761    69.54286102]
[ -56.99297984  -40.92689537  -95.45809622 -122.76456805   80.10819494
   68.16734709  102.35552685  -12.18676631   83.33583691  249.26195552
  373.85578724   22.61972315]
[ -64.71743017  -12.65153931    1.29755549  -85.78104774   12.61230407
  -29.01491485  106.09764447  -66.6931858  -114.2994589  -106.69515032
   88.86789495  -71.62875173]
[ -55.41623542   11.54760283   -4.6227158   -57.13717675  112.48220101
  130.00142241  139.34149541   -1.92968745  -29.37701771   95.06563911
   90.13411414  -71.51095711]
[ -62.87207568   22.94892644   -4.58648275  -25.8286334   215.79510416
  179.45932197  289.1083632   173.66609218  282.56349293  215.77268045
  102.66766547 -160.45592111]
[ -75.8150088   -28.42265185   -7.96507251  -21.93056462   94.01244019
   71.2613569   230.23775003  -37.32638866  -86.33895295   -0.93128291
  156.24899702  -68.44187545]
[ -66.29703332   29.90236991   53.12085771   41.00791897  118.35847562
   82.40352073  261.3393377    86.7109112   109.9211623   -91.50538834
  -18.54473246 -116.5025622 ]
[ -66.04886637  -29.91887094    8.32350494   13.11306265  205.27362523
   32.75482452  133.19164325   40.57200229   52.93846881  -19.92758727
  131.67793998  -73.16368431]
[ -62.90233179    5.02025171   23.89896973  -35.17084216   69.86720472
  -50.49964882   66.05643687  -11.66771999   41.82907468  135.92021295
  285.92048969  -12.14944782]
[ -64.7103855    -4.12581215    8.20560271  -73.13420042  113.5044125
  106.34445692  298.89380005  213.74735118  198.90507874   16.46615232
  182.83846048   46.74274503]
[ -4.46463933e+01  -8.19877907e+00  -7.77000211e+01  -1.04318720e+02
   2.76273044e+01   1.40919320e-01   1.30416278e+02  -2.18194534e+01
  -1.50752793e+01   4.73435948e+01   1.56074675e+02  -6.61002521e+01]
[ -38.59363543   20.04083795   73.27979777   79.85311713  174.16011473
   14.13053389  149.57933636  130.5371975    78.35132764  162.66589881
  230.98939264   28.51472442]
[ -66.82659192  -40.44757306  -70.10004627  -20.46329863  109.71462612
   -6.05106091  121.87935867  112.87845938  164.89564329  102.78244518
  231.05287915   23.04039394]
[ -35.59439784   40.86537652   10.89451651  -13.7120739    88.08513331
   44.45012182  143.04653475   85.41846608  121.61998455   92.95210672
  211.87020171   91.14947235]
[ -70.96495447  -55.79769538  -43.5750181    17.04939267  247.21594957
  195.68060582  259.4016435    49.19602944 -118.29495183 -190.21848845
   68.51029875  -83.78052669]
[ -38.15321488  -42.79384952  -90.5716601   -96.13644551   74.16687978
  -43.61616983   10.23536449   46.8324486    47.86464568   87.0840355
  126.15237975 -111.13938196]
[ -48.32676914   17.79747197   -0.53008234  -10.24961527   71.22137347
   70.53420609  257.76297313  140.99386105  180.12306943  161.54102787
  158.37068586 -107.27673095]
[ -40.16010382  -32.96574384  -64.15889951   38.88070909  131.84059321
  -16.47769596   47.63985795  -41.42069835   -4.16475164  -58.76671753
   -5.15910965  -13.64900654]
[ -30.88777905   -7.60722151  -11.18859123   63.80366455  241.84472815
  127.00826689  229.57906249  -11.65975201    7.44684667   63.51030104
  118.43548553  -50.4909796 ]
[ -36.41497785  -21.05082826  -45.81796896  -36.65140602    2.04782572
  -38.37829128   29.99774554   -1.84189923   55.67243868  141.8687398
  228.57893667   83.19421607]
[ -26.31051181  -21.54532741  -35.89142799   71.21507029  119.04459599
  -44.71744593  103.10651136  127.01096758  153.53099894    6.03397815
   87.03639209  -52.61490116]
[ -48.09894372  -57.67065169 -117.21398366  -43.22815065   27.89844246
 -105.41504467  107.0244967    25.90439644  113.06422186  156.18998553
  111.13792855  -68.02013138]
[ -20.60098671    2.29671912  -46.08786538   46.56110047  128.51477281
  101.66136959  143.60807052  207.84885803  122.67144496  -25.34010862
  152.15603152    7.59885364]
[ -25.0780965   -26.24577213  -40.45033768   80.00003726  180.16712164
  226.12105036  149.92870541   87.06126724   17.08091992   26.41743251
  107.60434679 -130.56798236]
[  -5.92838277   20.65859543  -27.95741898  106.45150094  226.72597679
  174.19292174  185.4661597   147.6148497    43.36059791  -12.0698148
  176.95454757 -189.48016874]
[   3.34009322   11.97178528   -2.46828792   71.85419636   61.8113409
  -30.26037978   23.7643698    32.49467316   58.15978608   63.77164232
  243.84573659   70.16809206]
[ -4.59431148  21.83090833 -58.26317215  15.40755549  24.45814542
 -98.26527318 -60.67213743  13.14784748  75.18644862  -9.86736365
   0.60652728 -78.87060478]
[ -16.01753732  -19.85167572 -114.08280484   15.73083853  -26.95638944
  -59.20713355  -27.13835756  -65.76192929   -2.82608286   56.70060735
   71.09554747    4.460799  ]
[  17.76514974   56.50004877   -4.44430119  133.3573495   154.95419802
   73.73114669   17.92851337   42.57194145   55.78430034   23.98933814
  106.33580828  -63.96883779]
[  23.89288181   71.91649208   57.86267738  123.67814147  173.59273393
   77.29478134  120.49985265   36.1043243   -22.5662966   101.89236888
  120.38361918  139.7962378 ]
[  11.97648957   61.85294517   14.75479917  166.63803358  240.68974596
  218.497111    211.10429132  164.63284375  116.34351621  150.27299327
  244.56827555   49.38904205]
[   2.54561838   27.44780496   14.96045328  136.6126802   193.70771774
  107.05902978   59.38244528   16.41742435    4.80477255  -21.74147533
  215.2785627    92.75767904]
[   8.2253771    74.41689615   66.80035069   51.07018856  240.57570907
   50.46695075   39.07934168   59.49776933   14.08483996  -80.82618734
  132.23957637  -57.93424848]
[ -11.18794297   90.14086634   45.86543454   -2.44177603  217.85885239
   82.73679918  111.98309873  -34.79237195  149.6903723    48.03997658
  127.50480488 -112.90004326]
[  23.65224311  102.53386434   84.90895208  -59.21543937  134.26342602
   19.16077808   11.51117951  -28.89817078    3.06547388 -176.24075175
   78.84890891 -113.70519873]
[ -16.17299184  129.67004002   90.04902319   25.50567524  181.51410895
   -2.28179723  172.81146632  122.41464642  187.48799671  -53.09151666
  -10.70322443 -104.272203  ]
[ -56.00824307   67.06659918   22.03517666  -83.69798778  117.02689756
    1.75587963   72.61507988  133.4230588   153.66643551  -71.59786696
   37.3590436   -68.02037732]
[ -34.16415555   60.37401732   42.95271185   29.57793166  239.06483057
  123.03677086  203.32215608  124.06514507  265.27588672   92.86834473
  131.75555951   97.11081001]
[ -28.28617504   50.31453035   24.76359259  -17.52277454  178.40016143
   37.46935218  108.48144517  -41.35735478   24.66681081   89.72348647
  139.64015192  -39.53704587]
[ -26.48621675   43.66279327   45.76297385   39.05701822  171.04191867
   77.48794244  138.79640233  167.89282325  122.32662343  -38.67235917
  198.86752667  -12.17924437]
[ -19.68509606   38.89673661    7.10141389  -75.58574501   40.33036529
   81.17491785  268.54355885  242.37009235  164.84885666   68.7130935
  215.24330877  168.21052342]
[ -15.01506764   26.65525579   27.96219912    5.96432758  143.7856945
   80.83388321   65.8523989    93.93580718  -50.24430212 -124.12098157
  131.69535966  -68.71534688]
[ -52.5296546   -18.59187703  -69.92335316  -95.1020626   192.05367845
  187.2746246   210.93246545  275.01806074  203.12172497  166.13935451
  227.21266731  111.42676289]
[ -32.94853994   20.27831556   24.98826832   16.2148006   302.39768062
  118.76777765  163.00891326  -45.63927442  116.49900446  -20.90998205
  148.05066327   23.86312026]
[ -51.37498964    9.81560225   20.47926154  -57.39058924  171.40591829
  136.47880338  218.33635316   70.24395325   67.76958656  -21.73358403
  189.33172199  -26.90103892]
[ -55.69201423   93.42607386   96.4589134   -47.57767243  205.91309009
  112.55315433  166.74365375   23.69179659  -98.28229276  -37.40648958
  280.96039741    0.5970239 ]
[ -58.65039841   -5.96126034  -13.71517468  -97.84323119   94.21907318
  -52.7370124    -2.2429547     9.40760859  -34.38242301  -58.68343838
  117.44770382 -171.8405746 ]
[ -83.13333852   49.95536565  120.74923392   -9.67271762  104.1961316
  -44.73774629   83.76500186  158.21808987  155.73015045  -46.2502078
  108.64992916  -37.52872673]
[ -73.11854716   39.80618249  101.23392049  -80.14927538  152.3106243
  120.76109728  162.96809333   66.60247481  167.23585453   52.82224699
   36.40252345  -47.07825612]
[ -42.36861432   94.52008911   77.22853151    6.81535661  215.23759989
  155.27496106  132.29038489   10.76556287   57.85857526   89.25104952
  208.75677095   37.16789531]
[ -66.54511215   54.35586611   48.3305194  -101.13858356  164.73625689
   89.62746804  151.15836654  177.12122698   74.10262376    5.20899305
   94.4209674   115.13096628]
[ -60.00242603   65.60968125   86.43897792    1.43621645   96.36719386
   36.29633734   98.9328776     1.81479738   -4.6388802    -5.58565513
  170.01197235  -94.22525917]
[ -66.60822327   47.15883893   27.21507623  -38.26047238  200.73109104
   93.67933235  169.58145545  132.99425466  124.54453549   33.78886319
  148.12262748  -11.39742171]
[ -53.77523524   16.03713165  -40.0946111  -109.06313571  117.53419074
   87.98977031   36.46562036  -35.40801453   17.27072643  -41.42403116
  223.87072845   26.87267599]
[ -29.55075099   51.42469036  -16.56929765  -57.81092514   89.06189068
   -4.38377514  156.54307974  145.1754272   167.09431905    6.33604662
  199.15521817   85.25489985]
[ -33.8201991   -16.15225502  -26.99612636   25.62717145  190.99106574
  146.10983872  188.65623153  134.20927975  -25.93605469  -48.31873179
   83.03631348  -58.96172084]
[ -12.52481453   17.06107675  -67.00940516   38.09423791  200.34381839
  224.27593624  250.77031059  260.14747105  241.12492115   51.14532874
   69.81629981  -73.41436964]
[ -22.84503857   -9.7760831   -71.35105417   58.21395928  141.24144713
   88.6922985   180.56652742  133.52371363  120.3926233    83.48372401
   34.27169303  -51.29428204]
[ -13.50897654    3.63954565  -34.79630145  -83.96478533   10.49016598
   41.39793418  104.94081318   79.51538899   21.9757314    22.69376751
   22.59202628  -68.71032275]
[ -18.86716357    4.96255324   -2.04408917   48.02952084  103.89183561
   73.94957413  226.43357096  271.17733952  258.30152691  154.98534568
  222.56527217  154.86922031]
[ -22.75809284  -21.3876402   -96.98283619   23.42607217  106.81263038
   69.0902284   158.62465478  139.30781748    6.10722688   26.10023781
  179.21016782  -61.61462824]
[ -20.69670502   -9.20147022  -43.02333888   77.46738643   95.62869968
   -1.62784148  107.26257679  194.8578925   227.88400753  254.12214959
  278.03019797   -9.51545044]
[   2.73990125   26.98061647  -41.07930174   73.13027096  129.85034442
   87.1413702   148.98314889  144.33634476  160.97787413  127.41599661
  149.91152976  109.59760835]
[  32.26257433   87.8621938    15.23604057  141.79233838  165.61370367
  160.11074732  228.72371185  115.92198708   57.3089386   150.0577062
  133.04943778  -27.09786313]
[  18.67301092   47.35432994  -16.2360272   137.00892979  202.04277524
  228.50698766  220.47432208  170.55267532  148.62446579  211.62260648
  117.7065835   -28.2368591 ]
[  27.80607379   34.08292557   30.7277114   166.39119647  186.22469874
   77.91504294  157.67661908   69.11166704  -21.32888296   98.8773361
   52.29975822   20.3616301 ]
[  35.46757401   67.42888292   -1.92670404  123.93692306  116.47893937
  142.62368782  117.26225644  152.88625776   11.44598258   81.16473738
   92.40462222  142.84360304]
[  34.15549928   36.0824429   -35.32071886  166.85429108  153.29171295
   94.06823585  118.04305218   59.33123517  -76.87705988  -42.8084852
  113.02871206   -9.96218236]
[  49.29796321   84.39454923   27.72363545  123.75781225  111.06141797
   93.04691026   36.18256625 -104.07378385 -244.16199574  -40.95335812
   -1.63909266 -116.50678328]
[  24.11788862   62.11380076   13.02938646  186.8985099   157.03012722
   89.81454109   71.54376644  -65.81759321 -110.7745463   -99.22264131
  -35.75682701 -105.91585809]
[  23.68870207   13.20852109  -54.59351917  117.14615838   44.1407619
   62.93315967   99.6681123    67.3746944    -5.88768377   51.84579006
   85.07649972  -28.66467377]
[  14.70568977  -14.4953912  -120.91943168   72.97959617  100.50279373
  127.14452773  199.12658531  199.27988731   50.16073926   49.89361939
   76.70571993  -36.83679741]
[   6.6583775   -13.52976097  -93.93527613  112.42786215  134.60770121
  111.70971077   97.61400376   50.00225906   54.79214452   17.35936936
  116.65211897   -4.85091363]
[  20.25996437   41.11735709  -65.96112394  108.08703987   93.4682945
  114.71200528  221.24097128  132.67955131    9.42976707  -10.35227202
   86.19631876  -49.49911792]
[  10.27017565   23.35474579  -17.1860006   138.06253424  124.66941627
  150.55357853  216.32061449  195.75675823   25.71398216   -5.88691669
   98.76905418 -155.73882221]
[   8.53432387   -2.35294385  -65.15255318  154.53705304  156.21273426
  194.27827119  236.77298254  175.32172099  128.18938081   90.82651712
   68.57560995  -21.07053938]
[  15.52073982   37.54610033  -26.92141069  130.77411642  176.55031093
  110.86256116  157.1993661   178.4235414    45.71456935   53.84355532
  102.43561201 -175.24113967]
[  -3.26000215  -11.64044934  -41.57888185  158.69389865  116.25668056
  111.74629784   82.6132979   -35.00048812   17.01098963  -43.81687752
   36.33684272  182.30491594]
[   5.94311008   -8.66561423  -50.57239856   29.50917949   22.94257439
   69.20174966  139.97269909   67.16574224   34.52134134   81.658618
  150.97934332   55.75123219]
[  18.11416018   14.65977636  -79.94886779   -8.46754038   83.38119512
  211.61843439  237.33206017  222.0944974    81.79009741   95.25223025
  166.07726059   14.89427491]
[  -0.34147389   18.85360508  -24.14922312   65.78779767  159.03231028
  118.19521053   26.98184261  -15.45793075  -83.60980331   23.80210808
  144.70174166   78.47702995]
[  15.33230431   25.56962655  -48.87609312   33.77761535  159.82963138
  134.88193764  105.70754939   85.94161373   -4.61832543    3.11896619
  123.85376816  196.47788082]
[  34.48985312   75.09119704   26.47736128  169.6349677   199.3424641
   66.35333814  152.78909511  137.85614023   70.59476709  127.3474596
  -26.45603428 -108.47793344]
[ -12.57922391  -46.11276842 -118.17656391  -38.09989441   60.59773126
  106.0210119    79.27678264  -46.72867012   43.96779199   20.07372758
  117.25253603  -72.57478327]
[   6.50248996   46.31267395   12.61665463   70.97932312   98.99327576
   79.52611951  182.35784478  188.09792844  -34.18564194   54.43591791
  250.77399042   28.7988118 ]
[  15.67129045   14.65769605  -54.48195693   20.60156072   80.53565241
  155.18123115   72.24103689   85.0665805   -63.28844982    7.61239913
  215.83158412   35.75160092]
[  -1.49789676   -2.13180042  -45.23948009   69.82918685  102.29259583
   97.51138099  122.22409528  126.98122468   76.78808993  135.1766985
   45.67154632 -108.88526884]
[   5.62318888   -6.90039436  -52.72912664   58.63223614  125.75843695
  107.48305035  246.07661501  122.97100632  -18.57710018  121.39071236
  222.72794081   -2.67046599]
[ -10.44290677  -11.86278303 -110.8381505   -21.42219466  -23.76981799
  -37.73057613    7.32836715  -23.49569736  -62.85309368    9.21083928
  182.21242405 -118.6345585 ]
[   3.10130039  -10.4813031   -92.02029995   19.62821978  -16.01642851
    6.1578009   137.31020715  173.88974476  -45.57169556    6.92954434
   67.05588328  -93.3385949 ]
[  23.64618751   42.67309547  -25.14144923   76.79992129  129.43791511
  143.45123982  183.54807067  134.62871954  -25.17220844   -6.28577417
   90.70502035  -15.45109976]
[  33.38657162   13.96680112  -45.64429432  105.16584558  228.7535163
  167.45633529  102.92388316   89.28011838    8.55907301 -114.97794838
   -6.06883761   30.31307392]
[  16.87859928   -5.60365741  -86.32689788   73.15241832  111.15775807
  143.99032887  126.1625458   154.54572147  170.95511447  140.71299113
   73.32764274 -122.90539723]
[  -3.38576794    4.61531916  -54.22732537  117.369707    104.76136343
  128.22996993  180.59739843  175.46143034   76.31711988   83.8881289
  155.9403754    72.87627641]
[   7.32275994   -0.43896572  -51.80120788   71.5446719   -27.27868408
  -96.00186152  -18.13863519   26.04051936   70.28741585   39.17055979
  115.3377815  -134.57478006]
[ 10.57689242   3.54087993 -78.15776004  59.90750384  41.74951307
   5.57963489  94.53684743  18.71825149 -97.02213247 -24.59040364
  80.34937197 -21.7622298 ]
[  29.31538349   39.71624277  -39.27729334  105.54806677   42.42735345
   32.38496126  158.58375381  137.18447804  117.47752176   81.05443754
  183.13662419   94.01543583]
[   2.74299225  -19.00972146 -120.04559      55.73635734   34.99736973
  106.44230511  117.7814979    84.25302872   93.84373851  129.18702137
  165.98947216   18.5438824 ]
[   2.13246308    4.22392244  -84.74893546   89.9067006   114.57025561
  128.16110019  115.64148531   -3.34536113  -61.35177825   16.15601738
  102.7945237    21.63750735]
[  15.56133559    3.39549264 -133.70845535  -56.81531481  -55.35811332
   65.53038843   64.89009028    3.95698612   53.42355266  130.02051766
  108.73068983   16.70069783]
[  26.49052279   41.6402158    -7.27163165  137.13910509  135.03293757
  162.08452162  197.16455054  241.45582674   65.27024178  -49.92453475
  -82.09403833 -133.55711108]
[  41.2294034    51.58771493  -27.76270873  146.1856005    44.09091125
   76.61279181  189.71479551  218.43718885   45.72568523  -12.86068037
  111.53754989  123.75081507]
[   5.26992452   -9.74658983  -84.46529491  111.47607209  120.68126148
  207.36517883  269.71717733   70.34328973  -75.29844187   20.92563291
   26.86272845   31.45519965]
[  15.13386172   -9.67438212 -123.85284709   95.19965844   96.21239349
   98.74769661   66.86275751   88.68409384    6.7436008   134.06837797
   75.81791898  -51.86073361]
[  27.35367543   51.51823589   23.72021566  247.28241582  158.73962557
  102.56697668  131.41637202   69.56202628  197.77910832  188.96856698
   74.89516146 -123.38322537]
[  -1.5177496   -23.75571223 -125.81462309  104.36615374  170.41140987
  232.63761031  221.97875678  213.42400519  223.05047595  176.00697286
  -16.47782138 -228.02058366]
[   6.20312845  -29.69903932 -112.79452369   55.08531703   59.54643299
  188.33413828  216.67429965   96.53558451   18.33790681   -5.86832894
   10.82922228    1.21777027]
[   6.87811795   -5.05401321 -116.20049235   40.25212273   35.47712454
  106.24712004  194.71211062  297.879102    108.2927374    21.55227346
   72.08825494   31.79472736]
[  37.28806006   23.90844623  -54.62058289  114.2647446    80.53696024
   70.56373304  128.83264663   68.62642773   -0.20380548   20.51685482
   56.16027978   79.83412581]
[  27.22296499    8.2670234   -29.70765358  174.08704998  152.04219964
  193.13834193  339.28133399  306.2670909   186.44670138   77.51532158
  -25.95680555 -126.04059962]
[  20.44272148   15.71745888  -59.12135088  113.35955813   60.37264633
   17.74567394  108.02907664  131.4920746    -4.15254142  -36.96273001
  100.3442427    -4.28828731]
[  40.4121915    89.09105531   -9.71766933  146.7743842    87.04938493
   98.50534739  159.34476824  195.13259212  132.06097134  167.38153457
  115.30257224   59.46343002]
[  13.66523336  -30.44795094 -140.84741473   28.57907878  -30.35506053
  -52.10743098  -35.2260724   -90.64116107 -179.61735586 -175.7423597
  -33.37469433   -3.62630972]
[  45.39944253   71.62042576   -9.34869092  104.41885548  108.12082729
  209.86825518  195.17811954  122.25615598   57.03306506   93.60790452
  116.60866688  -95.16683148]
[  19.91719093   25.04694856   -5.40781818  174.97995324   80.25603454
   -5.0859565    62.62174261  105.0094696    20.18707842   45.13454841
  154.51475118  -97.88314826]
[  61.78555997   97.72225009    9.89240315  103.1672136    81.22021667
  130.50497006  145.60291417  129.56731137   96.07255553  119.42743991
  120.01600282   32.82794126]
[  31.50366262   24.38984852  -45.39249588   66.96422086   43.87639802
   62.98755679  103.71591011  185.8667524   103.96056384   81.33935127
   46.85619942   42.78595619]
[  28.33125001   38.43062955  -71.52376694   89.2687976    81.57553754
    0.21847726   22.66036451   63.79820586   50.59281036  113.14734242
  100.89809128  -17.0346412 ]
[  28.16060605   62.06991447  -44.51619651  108.68242468  207.56258169
  150.1813106   203.9045928   146.47545716   68.24838576  -32.40900655
   61.82573408    9.2865478 ]
[   8.09746474   48.41963808   -4.34032438   86.93881012  184.26759654
   88.98515032  141.45204802  205.60949297   91.24296669    9.27531947
  -26.03215083 -147.75717388]
[ -23.7110158    82.33514737  -36.00850584  -46.66095514  237.54010211
   35.14988209  150.63803839  211.66777101  123.53093475   64.76624508
  220.22215751   26.76827641]
[ -23.52677777   45.00342458  -91.96079465  -24.46070412  187.11047526
  102.31760735  288.8831731   297.93779228  228.41539872  237.81917752
  470.4753108   171.68935569]
[ -16.96102336   20.3807044   -42.49451572   -9.24468138  127.40775748
   69.47976263  138.16959981  177.06311691   50.25285981  123.94119418
  287.51280742  -75.26380357]
[  -3.93364356   61.23447225  -77.50259891  -23.6638436    52.54695365
   58.6982606   128.2076587    10.96958964  -48.26769823   18.24095752
   71.35781084   88.55778164]
[ -19.32674522   39.09536041  -29.01710261  140.49102704  190.62733291
  151.88651684  218.5835898   238.88737858  -20.84947376  -29.20695409
   82.67021759   11.20261107]
[  22.80725905   71.08152394    7.92194579  129.07188712  128.7742519
    7.90269703   76.36567202  112.99769141    8.03244478   -6.00594492
   90.26436522   -0.69462956]
[   8.15286136   48.67201671  -21.85563888   77.15930862  188.89456267
  223.47483029  207.76546694  216.08353666  187.37537353  155.44066809
  101.37551858   30.07375589]
[   4.68779234   13.07871824  -60.46174984   98.15583199  106.4259308
   32.84710114   -2.33164387   12.79917259  -44.06853863  -56.06514989
  -42.04819181  -51.94141844]
[  -5.76226886  -16.85476848  -62.19344931   93.38315488  186.59672987
  184.51706365  194.45740529  244.9082054    57.1813347   -30.30219826
  112.28964532  137.86565823]
[  53.0447329    98.21940382   23.58522607   95.61980787  144.07477395
  109.35332546  111.1561204   114.76253282   60.53314698   79.9306772
  216.16875168   68.95125273]
[  26.2614984    46.23071656   19.97444224  185.59381621  108.13365183
  163.17362951  224.60553686  196.31573417  147.21180095  175.72152061
  113.74649942   20.40490451]
[  20.08848235   21.40752292    2.18604262  170.07812809  131.14564941
  111.1706153   155.73565073  180.06963864   -9.3300726    -8.23166393
  -22.49259835   28.26947835]
[  23.98782295   24.4524762   -46.35154515  127.26824909   54.24680883
   77.37469962  152.05355349  134.04131991   20.60416212   38.49467218
  -13.11797171   11.42175778]
[  12.90911183   14.30532649  -37.67829418  130.62755049   63.48911248
  138.96733751  152.53111369   91.05983384   15.11794567   -5.62884414
   36.42231169  -69.02710593]
[   6.78419674   11.35567288  -73.47812575   85.1997102   101.21710557
  143.06154184  197.87088366  199.17692548  114.08651628   92.00529201
   66.2083462    15.93035151]
[  -7.09841668  -42.63801254 -116.40979505    0.55737003   14.75035145
  119.15615155  139.11970176  112.96656819  102.92600613  231.5383911
  133.23055994  -66.32526795]
[   5.6282729   -45.09506302 -124.96298198   46.80668482  -24.86815624
    7.5909858   165.44336464  156.59671934   57.85736442   34.39278449
  147.37608353  -26.33838321]
[ 10.90173581  14.35202274 -62.12612089  67.71559103   3.78557333
  91.72183456  65.30404185  40.24645234  55.89609416  12.48567541
  82.73829702  77.44592496]
[   9.42629724  -26.18621646 -145.79599758   26.6821516    22.83757402
  132.15598833  282.63654215  305.46457229  258.29465877  232.48131569
  283.53436515  152.65744259]
[ -12.40963672  -25.40459286  -88.45458597   52.23740648   10.6612987
   -6.08869273   87.44351445   58.36326538 -152.15215708  -88.29507148
   82.07894654   28.45056971]
[ -13.66273472  -71.54912135 -216.17029072 -111.16028516  -73.99768601
  -63.22985112 -148.03379125 -126.69997763 -208.84347892  -93.1300479
   -1.66654207 -122.6698224 ]
[  19.29191999    0.82542182  -71.00855072   96.91360147   40.8785736
   12.04888346  175.83994415  246.52886861   39.46870322   34.89669064
  -17.74514413 -116.2501286 ]
[   9.80248884    1.68882189  -67.21189071   45.7918489    22.85718821
  105.20414023  217.73017414  272.39795371   48.57448715   40.80618135
  168.98589508   60.80734603]
[ -23.99998642  -53.98235003 -150.79045342  -41.8950059   -54.21407213
   17.71968556   26.3071692   -47.23541199  -67.16003551  -17.13687966
  156.58452764  152.60365013]
[ -17.82894889  -52.77127958 -124.34006562   33.5132373    37.06539665
   46.85195433   54.42829189  -29.49883037  -67.48649653   63.43334165
  -40.19688484 -264.90106326]
[  28.30701157   15.3839364    -9.05473233   93.14338205   29.47948848
   80.5800395    95.11511318   52.27169176   87.82198659   67.3153481
  100.81939842   88.066947  ]
[  13.45363388  -14.5341289   -93.58849011   89.90026023  100.45686489
   99.88673708  192.73327537  282.6760089   149.10062616  191.26531093
  168.88919962   56.00184637]
[ 13.72807522  12.5523287  -71.48525428  69.74525982  -7.00851354
  10.88727433  64.18743482  10.82171204 -32.92702096  27.04632038
   8.36147964  15.06473858]
[  17.39346227  -16.7444517  -129.24919817  -97.53142602 -225.26829888
 -210.10463856  -39.69784726 -112.01763551 -182.9310506   -23.43893226
  -47.89895707 -102.19969755]
[   5.44996372   -9.51123987  -44.7198661    67.90199602   52.65512884
   61.56293359  158.64937431  136.18234858  125.457799    127.3439548
  132.16179011   53.62664183]
[   6.27209644  -30.02772015 -152.98041675   48.039948     50.09418471
   23.2301486   129.03050242  183.82656454   97.49813395  -68.57536907
  -38.4576861   -61.17576812]
[  18.38994486   17.20356348  -45.58507626  100.7927969    62.9798139
   97.59142373  213.30307318  196.11549163   57.3326352    -6.63663786
  190.49514022   69.4164677 ]
[  13.80742897   34.211368    -39.38367856   73.32292953  102.22347545
  162.03155673  107.92363614  134.15228578  176.52557989  125.08818649
  144.11250614   94.82765604]
[   9.50093016   -9.41104299  -69.04342916   50.68497309   80.28288013
    8.17102974   82.57418072  103.57976593    8.50305066  -74.28923519
   11.06397836   72.70461894]
[ -5.00669209 -29.22432767 -90.1329908   14.54037828 -36.42396108
  60.53706951  88.07559858  41.58943425   1.26990886 -10.72762094
  51.85818505 -32.66965284]
[ -12.89121779  -38.57761159 -120.59569086   56.62420994   45.12805763
   61.25981551  103.41364154    4.02696248  -26.15715026   41.37468578
   71.80148879   34.67462417]
[   4.2090647   -31.38220503  -93.77789162   79.38770157   79.20208196
   94.17174374  120.07521702   57.86102096   38.31610544   96.9456309
   64.93511021  -55.589526  ]
[  15.46171995   63.46098887   33.32214899  177.72771754  133.06415497
   86.68753321  135.09454974  172.67999849   20.69691351   23.8718155
  217.2965381   176.80335202]
[ -22.80829953  -48.94624567 -174.47978715  -87.01884681   35.20181659
  -35.24159169   -0.78008444   16.89974437   -9.7321922   -19.48087724
    9.89670542  -72.55528988]
[  -5.21350517   75.89764829   18.91288008  177.09979817  245.82113311
   21.2588258    48.37272647   51.50267351  114.85000698  128.51900246
  237.60948121   49.18820441]
[ -24.96861465   18.86483024  -38.75363157   52.81437554  184.88380719
   64.58615444   64.99834137  120.12027493  -17.02434612  161.97996946
  260.8790624   174.69878573]
[ -27.22443195   44.76898101   18.48268706   49.4324343   157.75629945
  -26.00021412  -33.94624058   42.2425197    11.95368776   34.97910638
  149.09381043  -14.55272024]
[ -21.4758495    -7.60149993  -71.99476828  -39.22215501  102.62805993
    3.7049957   135.27358891  111.8823952   -40.13175806  -16.70473696
   14.99234274  -75.7390206 ]
[ -34.35946178    6.89634633 -108.15287475  -64.01253513  104.44449596
   26.41779582  167.46301139    4.41461376 -108.54766838   93.06411516
  339.85405816   37.60152523]
[ -47.23324003    6.28213165  -49.59460198  -64.2002352    34.48931086
   18.87194718  126.59080168   33.253003     52.3500546    89.63421942
  304.68890509   22.16530898]
[ -19.94399707   18.70012317  -34.73940414  121.19935564  253.81995896
   79.7711433   190.05740746   80.21591601   -3.8664666   -47.90163635
   28.9415718   -63.0163186 ]
[  12.36461826   44.80113439   -6.64015293  176.76615725  249.40982881
  111.03870792  134.59549336  212.58083596  -30.19873887  -58.80743883
   56.24564691  -37.90319465]
[ -10.34623932   37.65919859  -36.69492751   -4.53035716  159.60120373
   88.21638401   84.05826952   78.59296376    0.85760123  -58.40708947
  125.53875019 -100.82783968]
[  -1.9628766    39.82165117    2.652994     59.51688239  154.82825752
  -27.45941873   31.90749801  230.13563593   39.88284206   11.88975428
   94.87648864   -8.28046611]
[ -28.50455624   40.46405915  -58.03144105  -56.875557    164.13274317
    9.51883312   41.40722066  104.92209274   43.43656071   50.46513369
  341.68541113  101.6134087 ]
[ -17.88630649   67.92513957  -28.12896088  -41.26313817  152.33149839
   -3.8683029   110.12193901  127.55835314   20.2364529     3.86835555
  243.02514085  130.96641595]
[ -29.41908537   32.0788597     0.73213954  -22.42127588  175.55730342
  158.32446067  280.04666409  259.51052899   39.11178438  -72.27770796
  102.83951329  -51.16591589]
[ -41.32013075  -10.49960324  -75.36846136  -43.62454078  143.30136613
   18.19669991   95.34106185  168.07884205  122.3737941    52.5592114
   56.15154169 -220.72903988]
[ -13.9056613    12.0983241  -110.41964779  -28.15121377  -26.64907672
 -149.75635711   12.67002436  -14.34375093  -85.97805744  -30.35196616
   26.55145139  -28.97308846]
[  -8.14665133    6.0399181   -86.87340172    7.63401055    6.55075442
 -123.43284529  -11.96170001   -4.08619378  -10.66270212 -129.60766793
  -21.7620445  -146.03279982]
[  -5.20249986   -2.25748558  -81.52615776   40.10362631   96.45758206
   33.44698665   63.56892878   48.61103484   -6.54926216  -39.15011734
  193.61431582   12.14529658]
[   6.45698653   21.68203971  -65.05528337   78.57715253   51.60720482
  -14.71224193  145.20384781   21.74155753   66.1556933     7.56338489
   97.46844813  -20.36380914]
[   5.67379159  -15.01976685  -95.58874496   40.69289107  -71.27795286
   11.37000993  188.19151642  184.10882234  125.26978529  -11.42198227
    3.46427749   21.3707251 ]
[  30.5181914    34.15028472  -42.54728766   56.68521555   30.27699322
   85.39090518  211.68721095  220.59396306  136.23945327  194.22827855
  230.91843768  117.84272796]
[  10.56382255   27.58044979  -49.73388624   47.50076462    5.56503557
  102.266973    216.42198252  177.72182438  141.40988064  229.76378156
  142.92849693  -52.86126531]
[  -5.23236284    9.12424849  -43.63346956  108.14496222  120.39226663
   46.76266763  195.07589416  187.46844525  -65.25526578  -11.64271502
   29.13611954 -113.18799145]
[  -0.97761401    1.01433902 -118.27266893  -38.1891167    -3.09906124
   27.49274368  -41.29520144 -224.07902224 -201.12364192 -186.37409993
 -173.51969635 -211.81737233]
[  30.20162613   71.42395415   36.24912856  145.63084106  151.19134243
  120.12098636  231.0115342    52.64524785   64.95364115  142.79406273
   72.5188264   -33.69121988]
[  19.63574325   15.82176303  -35.2596243   108.69299187  128.31732551
  113.04465255  202.04142134  163.35781916   10.70117015  135.93340678
  209.00813909   90.75556963]
[   1.86915314    2.51082525  -96.9780848    53.30204334   89.3057715
   45.26044868  149.96758205  213.59849871  129.08122358   66.38328001
  114.31502976   79.28503332]
[  -5.27931964  -27.53795759 -113.52766148   13.44002404   53.65150361
  -24.19240151   14.67052488  134.27352947  -21.58305446  -51.0940174
   -4.75719698 -174.82964326]
[  -0.56961548  -12.34215025 -162.28747846  -81.46577825    2.12241143
  -26.33562371   10.9512662   -25.01351197  -67.59503056   79.5779791
  159.85002682   12.40393775]
[  -4.6644423   -10.14521472 -113.80860516  -70.09502309  -26.58254881
 -108.04559778   23.6200416    89.7893328   -95.88217682  -95.14481908
   -7.65876214  -52.40784145]
[  16.36678      49.3306394   -14.04404532   -9.76039751   95.50511209
   68.5933233   176.9960873   205.04841735   33.37841942    4.47678813
  165.61745745   72.48972137]
[  -7.42116438    0.98514034  -51.05943648   52.08018431  102.54518785
  134.72635982  207.45802726  207.97665565   85.52583578  120.63789877
  225.36937804   39.79539878]
[  -0.25809277   47.14953593   16.41423749   77.84052432  131.71284272
  -66.55360753   27.65994426  -14.79624097 -214.09866659 -104.9280235
   44.43183303  -39.23385142]
[   8.09610078   78.85086572   57.43351103   76.99932499  209.87402406
  177.06426509  180.2978375   176.59698435   93.53752343   27.44381923
   90.62715818  -92.90605786]
[   7.68297605   43.84060152   25.22606547  142.36191073  174.120596
   89.57186339  105.95281981  104.29877139  -78.90146742   53.88420657
  213.97145782  139.31336949]
[  -0.49924125   46.50809829  -11.9277492    96.61205608  180.04721358
  175.57209729  249.41170442  173.26442807  -23.29835779  129.18026503
  146.08141319  -74.73507145]
[  -0.5265642     5.46106106 -147.79091577  -61.79355344   -3.41871898
 -101.17688159  -75.61194332    8.5011802   -18.02302647  -70.79025407
  104.59145687 -122.72365118]
[   6.79700336   42.40280143  -32.63221467   64.92843316  113.41349625
  160.34187997  211.78721356   89.39613532  -85.49358747 -106.91923491
   34.0905051    -5.81101914]
[   5.37884486   15.08607291  -50.69962268  112.6133484   161.22880114
  136.00126702   91.13765305  134.81797278   67.1527728    56.18029912
  113.37915575   61.02951402]
[  21.01350376   40.48061071  -62.50129906   80.23732138  110.51089796
  100.58383927  153.48277744  106.59710182   -8.90275997   79.75896362
  128.44728823   46.01566156]
[  27.57213688    9.50648721  -74.18386908   34.56764849   49.43451499
   64.95941496  223.5126338    95.47554981  -42.94037199  -18.83866208
  136.36997391  138.24979923]
[  -2.47348985   -8.31699512  -63.19941953   51.13258172  -37.23951671
  -77.18810736   28.86118743  142.40911333  -60.16875062  -23.47611418
  107.27105992  -36.66838349]
[ 15.47589603  -2.49678055 -43.36549084  77.49975676   1.00030268
  34.31631916  68.57702589  56.76428808  20.20184604  57.49061466
  69.48175964  51.47433306]
[  13.42409172   20.48209517    4.3896415   132.90280277   40.83174568
    8.62846903   95.89146109   52.9014417   -51.38424122  130.3462048
  149.4595258    10.68246198]
[  11.39814122   29.51135217  -81.30234931   76.53837138   61.29234177
  122.34896012  227.48323185  118.18652076  -41.73384931  -15.05428699
   78.16734133  -30.28867521]
[   1.20077928  -25.67072335  -71.61159041  146.69479919  123.77299078
   12.73538443  134.72102618   35.20199231   69.87237755   82.37028246
  179.64434614  125.43846984]
[  -2.77889809  -14.28018456  -83.6800011   105.50428854   85.58295438
    8.1729586    93.95029785  201.327288    215.99478444  123.8139987
   85.24594728 -106.29166261]
[   0.78201124   -3.6373301   -63.32383368  -42.08303853   68.55245442
   49.63353161   47.40649412  133.95377835   39.52232771 -125.39419304
  182.97366364  -21.09246493]
[   4.96377482  -12.82761018  -35.11271738   64.47127008   64.28478861
   26.7844255   -23.29774414   26.04188269   23.92835202 -111.7604423
 -170.06783145 -207.32392915]
[  18.69648225   16.44883603  -80.31491187  134.8811057   167.78153478
  114.20930701  150.63671067  143.86233376   31.66247256   -9.49248864
  132.96464272   55.59696606]
[  15.02162233   26.90917868  -77.30414654   13.07268817  -23.65393657
   30.06190727  137.78415958   83.13289057   21.16796827  120.18306498
  245.25313206   47.54742417]
[   6.01451456   15.98635945  -71.83667761   87.81643385  -10.37222867
  -61.2060451    58.59534267  121.83294272    7.03874237 -102.68921774
   20.62110718  -57.30754733]
