[  -2.94869203   51.86155873  100.78427764  153.31047541  195.01695663
  221.61535631  230.20147922  114.91206613   91.41479042  106.11403968
  178.96982516   15.08754005]
[  73.02476876  118.71219886   97.14221589   95.40532468  154.19149053
   95.4043849   130.17479013  137.08876311   64.66655703  135.16690707
   72.14625963   29.61323704]
[ 101.16416346   99.91695185  113.46144825  118.68266983  117.48031902
  125.59721785  119.40358986  119.38212541  109.32948817  108.97910473
   86.02093597   66.70157985]
[  18.89824496   45.88395159  115.2575429   135.08921625  193.2224163
  156.87896263  172.04661876  122.32652673  117.96943233  178.63940399
   94.13632091   -0.58572947]
[ -21.0096843   -30.65574516   -6.98063246  108.81864776  121.96496911
   70.9046921    74.83694762  133.2034741   -63.53620547  -20.93481531
   64.97510193  -28.66631487]
[   8.24657267  -16.67033976    3.84300248  103.80174773   89.54426942
  100.94602443  165.37112456  162.55603119   96.6163598   183.73555511
  181.24453001  180.09504015]
[  11.09642766    2.92287183  -18.506462    134.03668697  159.61882692
  160.49259676  261.38839748  190.95074813  -13.48394206  100.41841123
  222.07974777  141.73464063]
[  -2.67269046  -33.90573005  -50.45264442   73.15662754   45.14196495
  134.05992364  203.76574009  133.7120216    17.11727819   40.81786538
  203.05879355   71.12107871]
[  16.17237199   19.75437832  -12.82887145  115.70843283  102.82802756
  106.67126624   96.42367468  144.53580502   76.52381779   97.466157
  185.88161633  -51.21219116]
[  32.21225041   63.76743005   29.08200547  106.31687281  132.19919266
  194.49857581  146.84385326   17.33423703  -24.08517444   80.89871923
  170.03621854  -48.97664092]
[  33.82025566   79.96283167   33.45119006  149.89234216  132.85711864
  158.03580681  104.39289397  123.48921113  157.42607188  152.16368453
   21.52994441  -21.08001486]
[  32.32391788   42.16154616  -31.04037233  143.36561976   81.29079016
  152.08955347  230.94074611  169.52355555   66.2581415    63.71024246
   21.11176697   21.57233752]
[  -2.07586029  -28.73196406  -81.54654338  113.28377797   57.38751688
   24.48259399   38.85074798  110.56802626   55.81408043   15.23341626
  209.67301517  106.51439678]
[  19.31039119   16.28646768  -62.91529643  109.23837486  208.46788181
  166.99555585  320.14145622  179.49214814  -11.14998989   71.12535817
  180.9970503   -41.1094254 ]
[  18.40774666   -9.85906329  -70.33646256   71.60919506   -4.49091662
   78.55436961  207.88515919  114.97385811 -107.80899046   -5.28188571
   92.93138036  -98.72212429]
[  32.62060333   82.155867     26.19368198  195.05097143  133.6721331
  116.73813161  126.74335294  119.07340392   27.08678624  123.15043891
  297.56820667  -35.42922297]
[  20.1470231    24.19671456  -51.69257808  130.58412341   53.66892181
   65.82276673  134.76201502  224.42370679  184.53810104   95.05527339
   76.7172308   -28.61215815]
[  15.53645915    8.58548256  -64.7337251   101.03703078  115.18913352
  139.31545826  108.51613948  112.80673991   66.04461993  131.33933761
  250.06667145   57.74668417]
[  30.85572369   22.27182245  -17.5976452   138.45639132   74.36993936
  114.11405237  150.41182546  114.85673553   -7.40153151  100.0707078
  223.39104211   55.93830787]
[  28.6258147    56.21997403    3.60131051  138.48019158   82.63774901
   83.98108805  286.98344987  243.50265479   72.36705124    8.88119129
   60.68146801  -20.44369468]
[   8.51661772   41.11497447    2.83726771  224.61419222  219.07064562
  193.4836196   265.8552696    66.88112081 -137.69079099  -63.84648338
  118.53383933   65.35349953]
[   1.72096629  -17.75334137  -89.80046804  116.67518362  143.73073048
  222.4924789   238.52403337  169.8116796   -42.00104516   45.75570299
  284.09242942   40.29351894]
[  11.74947121   12.93682624  -71.69661894  126.90032255  153.03252559
  166.53106446  181.60378986  143.72097148  123.45822697  178.51870645
   92.89839489   20.74292805]
[  37.85732639   13.10608866  -84.72337361  115.96874904   -6.52561435
   75.06749805  218.10316874   53.60964733   53.7013702   136.40823065
   97.20926177   17.35654431]
[  12.66313877    1.07665525  -51.76147503  123.31545267  102.10985024
  123.37361309  135.86921949  105.89187142   52.77296286  174.16234785
  243.33324083  130.48809991]
[  39.63032196   54.32673772  -29.84437896  180.39500494  119.26072236
   18.01437736  139.1101929   142.48727276   59.41111891  100.64998579
   56.64359233   -8.26138047]
[  26.26059756   25.44906588  -41.59301866  138.85713428  140.3408607
  192.19215984  224.06935148  181.26421876   94.28482577  185.68705384
  127.08770128  -36.3325144 ]
[   5.79382319   -9.34222103  -67.50968902  120.69288373  137.82784676
  132.50648469  188.92215928  182.37230825  100.03635169   58.30054556
  162.21221275    4.88375285]
[  16.33751964   31.31805027   -5.26573269  139.4409862   156.51874901
  172.21745156  127.96480275   84.02904831    0.88128961  140.63105473
  203.79624581    3.37299646]
[   2.67269725    3.50896587  -93.43357805  101.99371591   73.37784912
   78.02226313  244.05030039  126.58685724   10.70176498   93.70656049
   49.7952194   -61.10758761]
[  24.50365456   34.3857058   -84.81159849  102.66127456   79.89087074
  123.67963074  208.84293766  176.56342327  171.71136647  146.08408197
   61.9706098   -79.27133557]
[  10.61297221   20.65521346   18.9348361   190.42725808  161.3530986
  100.5467147    23.03011372  128.78676337  159.96772154  223.68842771
   89.51297471 -121.57096041]
[  20.1061045    36.23423008  -27.74964081  176.56881111  159.71097787
  128.21516491   28.33285168   46.3772026    79.59362253  170.42374545
  258.66904726  170.46554753]
[  15.2859472    12.87648212  -80.67305727   82.03654066   91.58843811
  166.40934988   39.04305736   96.6463372   150.22814963  107.18868517
  233.29982416  212.54600804]
[ -10.21150703  -41.90141294 -108.9421732   -21.39106593    2.86870929
   42.01752508  101.34485419  -33.99691492 -154.96634431   -5.59322105
   22.19868882 -149.88462148]
[  26.79003187   40.25559304  -25.71697299  140.75711608  103.03384716
  125.46144106   83.15756194  108.36996583  116.22858127  255.23405315
  214.35911067   -6.58958994]
[  18.58638887    9.78100776 -122.4720388    47.54340232   83.65080272
  227.61782355  174.32995995  229.21934637  152.38922754  168.23179543
  220.89077451   13.45258394]
[  12.71270461  -12.50178223 -131.32421647   27.63313988  -39.38483486
 -107.36716124   15.25561324  -18.16612022  -94.44188689   21.53855993
   72.95270903   31.28280656]
[  14.65395128  -15.89858894 -123.74640162   59.74033505   49.01991036
   60.26937356  166.97023621  119.22723603   67.98845786  -25.95997765
   23.87392507  -95.56142378]
[  21.89018633   19.08719054  -65.51576258  137.33591878   86.3159207
   64.12818024  158.82210792  141.35596781   28.70286099  132.73746093
  188.70627256  140.37121315]
[  10.72290502    7.86856576  -84.30329609   43.07876966   40.29342404
  238.81304735  201.10380257   67.935148    114.06936722  148.88932413
   90.55037005   30.36723624]
[  19.42312544    8.84561559  -30.1664152    73.75236221   12.62036295
   -1.31912279  129.94793665  119.180665     78.29777134  154.77615253
  127.85779052   17.73921566]
[   9.22647002  -25.37373359 -136.11614628   69.24281226   81.99867522
   82.8160751   187.46939223  158.9648818   166.20813313  118.9301441
   94.362466     13.19028841]
[  -1.78756377  -52.38005677   -3.91582513  162.06293296  -81.54612366
   49.64083493  283.65410418   42.92243169  -26.62959201  105.4167534
  -70.40485794 -242.53512058]
[  21.92160643   33.0221055    -3.29996158  134.70073217   26.83915129
   75.79837839  223.0879172   188.48337069  -12.34862591   52.68378025
  124.00417151  -10.33780659]
[  12.52505071  -47.13699108  -89.13244218   81.21590839   70.01036436
   60.18276197  208.74232829  287.19679226  212.49402234  120.5545437
  164.49182615  -42.29731005]
[ -15.96463589 -125.93850165   27.84437072  190.30389539  179.31634845
  -90.31367351  234.12496363  193.12471905 -245.0551694    18.79838099
  228.13853825    6.59017312]
[ -11.72730509 -107.90337795  -57.04821967  123.92127139    1.94952692
  -90.20297917  222.00311062  294.52887503 -134.66187429  -31.31906738
   11.11571272 -101.21399016]
[ -33.87975284 -105.34311263  100.99869694   -1.75944158    1.94824573
   45.93483028  180.6170897    37.40883455   36.03802677   28.52638334
  -26.50702697   15.17458473]
[-117.62029883 -126.45406532  -38.42558184   92.42552311  178.5263308
    0.89241298  257.41075562  152.86475363  106.47704775  199.15745592
  135.0901207   -39.7504649 ]
[ -74.17794659  -85.46594415   28.17253184   -9.68292164   35.0019732
   53.47447782  215.09555068   60.69065099   17.08244846   91.97032504
  132.87936853  130.31533069]
[ -45.36062867  -38.28411921   55.32167049   66.77404224  194.67851423
  109.82280723  231.19197795  220.68803026   85.15206954  116.23200899
  103.50940898   -0.90152851]
[ -41.35013794  -66.246708     37.34854318   21.79894966   24.03282413
   63.66764683  297.35037814  213.07955032   87.3233824   -38.38063644
  -69.36988145 -164.98142894]
[  -7.4953599   -25.0587306    90.00550855   65.34277255   80.80801315
   56.3533936   235.95334979   49.68394901   62.76124277   62.76456715
   16.34014353 -105.89802835]
[ -10.60638762  -33.72434681   11.86010549   45.13512722  123.29527367
  175.33418783  194.66644439  149.02898797  -11.60580729  -23.26558421
   10.47896482  156.56173649]
[ -11.77548388  -38.79213878  -14.42257512  -14.55574621   -3.80207669
  -20.00106311   36.23054951  103.84407526   88.80376096   54.60909415
  -13.40896563 -107.80940932]
[ -19.93470176  -25.58429984   10.93333021  144.08552807  147.47243065
  183.60989272  264.63054812   95.01821063  -59.31638504  135.55125392
  162.63582573   19.96126659]
[ -17.00600939   -5.94609436   19.10373021   96.78035099  102.93084276
   68.52472904  -11.28456111   85.16463705  176.90444895  193.97220304
  105.70377496  -27.00560949]
[   1.93671408   19.79842352   34.47134923  113.60215523   57.38827132
   94.03266614   50.42530714   71.17918897  189.3598245   212.01889782
   78.05028122 -138.98165253]
[  -0.38242092  -27.33061691  -57.74433118   25.25077193   68.23803809
  107.71031995  170.49969311  167.18616251   71.31433351  -81.46876803
 -125.34807858 -169.93564142]
[   2.45671148  -53.86432557  -88.00341764   20.54628473  -24.73404614
    3.16272614   44.68357304   35.59859946  -82.46535133  -46.43377408
   -9.25914373 -154.63003702]
[   8.11412994   19.02624064  -41.05309229   98.97037992  117.04352808
   40.0070062    18.76520905   26.57009705   76.53770656  175.32704192
  201.18459681  165.99777441]
[  -2.27346443  -23.59506899  -67.1325768    62.09941217   18.27297825
   54.81782169  125.47730541  105.33596131  -64.02439883   15.77550251
   86.18583884  -72.65558138]
[ -8.45745453e-02  -7.79612258e+00  -1.11391997e+02  -2.44830658e+01
  -2.77978535e+01   2.61682990e+01   1.28258248e+01  -1.37675263e+02
  -3.16119797e+01   1.41203655e+02   5.11311612e+01  -1.21417162e+02]
[  -3.6142811   -31.58147372  -88.02160385   99.78799551  111.34897224
  174.68687461  173.47797287  209.36025614   93.17790852   88.96251162
   72.61122273  -66.13795323]
[ -25.47760017  -80.94840963 -187.47466056   -5.65344573  -10.8859567
   91.06322778  157.52006577  165.52427392  -30.12954212   43.48256035
   76.2747495    77.03895752]
[   2.71449817    6.20080238  -97.80598037   82.28140422  -36.27036274
   76.22984959  227.04561684  134.99974686   -2.63112583  152.39854217
  163.11523325  170.08100936]
[   1.14722556  -37.66060654 -135.18605958   -6.33090023   36.00529444
   80.17069032  110.13549163  115.19680815   64.69274618    4.28682023
  -64.61286433  -80.48909354]
[  20.77048281    6.92302104 -118.51150785    4.67589934  -99.78217611
  -16.00943851   54.47270339   13.61040217    0.94914934  -77.87553644
  -49.95935823  -25.01224916]
[  19.34098074   12.76930607 -140.21372552  -23.11351558   29.14460378
   -6.47736074  -26.03895164   -4.03798759  -84.32527374  -18.70591929
   52.16018034  -28.44797724]
[   9.46897136    8.79929461 -107.67080223   18.93518186  -27.05435471
    8.61223284    2.40096407  -33.33570278  -95.84815944    5.19659348
  169.83029823   96.06862685]
[  3.04663330e+00  -4.34515796e+01  -1.52053888e+02  -1.32708775e+01
  -1.51730233e-01   1.35419911e+02   1.27069051e+02   7.32036702e+01
  -4.68490649e+01  -1.05578129e+02  -1.96750881e+01  -7.82505866e+01]
[ -18.11170448  -34.87026439 -102.2628691    52.48091116   33.86446681
  -70.79600531  -54.77318259  -33.28370937   -9.29264986  120.67329743
  139.95184763  -59.5131595 ]
[  16.79923582   14.76803563  -73.30705966   33.78483884   10.40061285
   15.65514886  141.89844865  120.65406175   -4.07078303   43.0808813
  151.50615362    0.80923471]
[   3.99823028  -41.5120709  -102.74762899   60.66038715   37.61067563
   25.20045747   46.42259436   56.89167217  -25.26785601  141.22274574
   32.79738996  -58.82359523]
[  -1.93274416  -36.88651008 -183.31773185  -32.33299382  -88.15431515
 -111.44278608 -127.94622342  -99.33922461 -129.83941281 -138.20116483
 -105.59675893  -70.33577027]
[  10.25431415  -19.25902207 -114.57241743   44.8627993    -1.95680881
  104.09206858   92.13452826   70.63009383  -24.41569566  -91.2199726
 -137.51793442 -121.21099767]
[   0.87027197   17.46303928  -64.35071763   67.27299057  -12.56343025
  -10.06688461  216.0506013   209.37453477  129.03681377   76.45227491
  263.2875372   230.51965073]
[  10.72487679  -15.8724948   -95.07866353   90.22041577  136.55360389
  166.72568772  161.34159102  312.82568185  256.67832702  179.83440645
   37.72431798  -15.62412743]
[  17.65665338   17.65107266  -68.44078878  136.75197835  138.45916863
  130.54967199  165.37205245  121.35732489  154.32816521  113.07033999
  156.69767071    6.78891531]
[  25.96225069   38.48462818    1.37343121  170.79916838  152.43587014
  141.63037711  150.8135957    57.73786594  -14.88851848  109.97185672
   -0.75342134  -20.23103564]
[  -1.80177931   -3.46729969 -105.48306714   48.86266479  -14.67295542
  -50.41104965   32.4501663     4.21647514  -53.78532005 -133.20071248
 -154.42063374 -185.66824595]
[  18.51513926   10.66852795 -100.53982061   24.78695128   84.93379123
   93.68667564  141.88838095  -23.12504778   12.75774345  157.15198778
  252.66148903  140.60372861]
[  14.12128845    8.71939572 -103.18572837   71.10113378   -6.01704848
   87.21605465  201.26822509   24.31416635  -96.75087656  -45.79476127
   53.73644584  -52.04500201]
[   4.8420274     2.45796148 -121.17819677   16.28233277   18.4262226
  122.85070519  124.46884633   30.51409892  -24.88009625  -33.23103993
  131.43126983    0.64608752]
[  6.51558087  24.65379488 -91.91482902  19.59662374 -64.00364299
 -23.35973497  48.56626344  50.23671734  42.58409363   3.9324622
  18.60019752 -84.45605532]
[  11.42883066    6.85586914  -69.23744823   46.48595322   14.15937913
   56.51919673  240.07741997  227.56622477  118.25880493  252.11563397
  175.28596073   27.9868831 ]
[ 13.59085929  14.24036707 -36.60736406  83.60518164  12.79687962
  44.44631859  86.10582719  39.70512198  82.04863805  51.94082051
  54.26218274 -74.29977076]
[  26.18581641   43.46762348   -8.20712242  118.67031157   91.15244988
  174.8278331   295.12369773  209.21529573   -1.43587249   -1.51603441
  101.13055277  -88.70604093]
[  13.47355469   -8.91149732 -135.98667723   37.2867607    32.1846617
   55.24118922  153.70170236  155.11077081   49.86575376   10.55953739
  -70.46473459 -184.9001265 ]
[  24.83768463   21.61459321  -88.07911775  115.6036875   134.23796981
  145.60686475  183.31348124  167.69429819   54.33965152  -27.64443446
  -37.06270777 -137.13176404]
[  40.9208017   100.70383794    0.85324488  137.78513537   94.63327142
  128.99541574  165.63230441  147.93701766  124.52677769  131.31834336
   36.72577433  -16.54163337]
[  37.392697     30.61513918  -41.00682665   83.36237792  100.72662298
  135.97271568   70.23629025   -0.39299851  -81.74659501  -61.31855152
  133.87789515  101.6901779 ]
[  25.92244416   67.86615444  -10.73567374  164.44911449   90.51257096
  111.98431205  245.6255886   127.90825178   48.44004024  120.7694474
  117.90990906    2.28531327]
[  19.39157151   24.94743248 -115.52372353   30.07217521   17.57734551
   70.14807778  195.79895864  205.91333479   59.10627227  133.6601463
  223.41877527  159.77326832]
[  12.62384576   19.05462709  -94.1624341    46.94972854   38.5114101
   49.94321776  185.92617613  269.15385825  183.26872494  102.7909367
  175.45304571   -5.49709822]
[   7.65357024   -4.53504037 -114.3897381    22.0614138    40.26678647
   61.82254084  154.04822451   60.48796921  -25.01214799  -10.82869981
  139.24421841  119.78287606]
[  20.94677069  -26.05958837 -115.27902339   98.44600186   66.80329281
   62.08158313   86.4449622   125.64982658  150.14303765  146.36939468
  105.18342647  -37.73540891]
[  19.34813915    2.912188    -83.71505063   30.83083086  -36.99249746
   40.93250783   28.13095085   47.62573463  -50.37982591   10.78027567
  144.15828247  103.43415481]
[   1.89693336   15.59320682  -70.2805712    56.904466    -92.61534809
   -5.01918219   94.00677621   25.61310845  -81.27417615    9.07481137
   12.50144367 -148.7493991 ]
[  26.58856054   49.26627543  -46.19206962   73.34386278  -10.75301557
  102.134385    225.82766906   75.03626944  -42.58594527  -65.16852731
  -49.7486384     2.64104891]
[  19.56760703  -19.31844267 -126.71518942   53.75486163   53.72149608
   65.05746233  141.21246599   79.7387196    37.37413076   19.27445967
  131.58602117  -23.49176325]
[   5.58626758  -39.3908927  -161.61502361   64.50224129  -11.89658847
   39.8829164    11.22287596   -3.80349754  -28.29164167 -145.21007838
  -61.99806984  -64.69290757]
[  13.50535905   -6.44511123 -148.20224235   38.5700245    54.16765441
   90.72910729  165.4721407   197.19373151  147.38615321  181.80668346
   47.72778035  -32.03301692]
[ -35.31165573 -142.3814538  -143.60009894 -122.10050862  -54.50176137
  -34.62708738  174.26648379  -98.29208846   90.71298874  -25.77817737
  211.45942249  174.91885078]
[  -9.37883479  -46.34284719   14.92809679  112.70222343  172.8895821
   30.03039857   65.38267122 -106.46445524    6.85547198    7.66156103
  281.09894112  225.54189565]
[  15.73732863  -88.18953766  -56.7622229   -85.4789409   -58.7938384
  -90.25692233  105.6038036    43.03443446   33.79467272   64.19992709
  118.27732986 -114.55456448]
[ -11.88493048 -169.09099529 -148.13304937 -129.89713729 -223.06028018
 -225.79628236 -307.40132927 -159.37068372 -101.31239967   51.40596296
    2.37888324  -88.49576642]
[   3.95459656 -122.83913368  -88.43552733 -107.12162654  -42.6221634
 -178.79582956  -55.74982047    6.55725198   29.30230232  204.88284549
  319.77497648  169.33260571]
[   9.17852638 -139.58984857    3.59695225  -53.6440102    60.83619611
   21.86629238   -7.971882    -54.43510695    0.40933259   56.67896566
   21.24194088   56.26139731]
[  -3.10410911 -127.89945678   12.0395115   -45.35636051  -11.92554755
  -16.71855341 -113.34464724  -42.09797708  -56.94590513  204.48899652
  211.02597332  252.99619197]
[  -9.05171647 -145.95445521  -16.57853858   11.21467515  -44.21908547
  -14.940225    -97.51272843   26.75046424  -35.07566209  210.06844807
  224.59902424  142.64808634]
[ -19.47531214 -134.86667225   14.14550846   93.7368246   -11.48319325
  -89.15315586 -334.98769169 -180.85653026  -54.51750701   40.93984311
   38.75626989   80.6665081 ]
[ -15.40877226 -154.14287973  -28.36993161  -16.13356159   -6.84873983
  -95.54141234 -170.62995833 -227.03970665  -32.10762939  100.61591481
  -16.79881011   52.19035513]
[  -4.65099395 -180.10761958  -33.03254296  -32.68734769   -5.48872355
  -68.39892162 -197.92894013 -348.19882557 -142.80991644   -8.19344475
   -9.11378874  -63.75095981]
[ -10.25739581 -134.39493117   22.43101026   43.84961209   87.28940165
  -67.65880283 -106.02123813 -241.24222702 -186.07095299    2.36627909
 -132.66807456  -72.57183425]
[  -2.64344874 -146.00784296   89.81350952   45.23584484   82.08951102
 -105.45346717  -57.00528037 -112.24940633 -135.00480902   91.72219294
   62.65954185  -83.62911186]
[   4.2973338  -117.65761704  106.27195574   14.23999062  113.70618639
  -91.44788456  -36.72448835 -101.54259052  -94.8302281    48.66293953
  -97.43189055 -186.99801015]
[  -0.47500498 -144.09475489  106.47709662   11.32910535  -46.11558633
  -17.10986615  -63.93011343 -146.30998548 -172.81099506    5.35434887
   -2.7447266  -183.87140412]
[   0.25173446 -141.20003622   72.48271781   29.43902188  -83.32993271
  -69.40795224  -70.25066696 -102.51974807 -197.15109914  -67.79674838
   -3.05933398 -233.38308825]
[ -2.01530617e-01  -1.73341441e+02   1.01390153e+02   3.49830946e+01
  -9.91594809e+01  -9.82718264e+01  -6.95548853e+01  -1.38423612e+02
  -2.02419446e+02  -1.10473359e+02  -6.42019519e+01  -2.42650867e+02]
[  -2.17172152 -166.69086307   82.07353757   -5.4004215  -101.07175927
  -95.07133049 -117.66367597 -234.19285355 -251.7312397  -172.86437072
   16.83321992 -171.2891997 ]
[   5.81731295 -117.81889644  149.29597386   43.92806983  -27.15790911
  -61.20795586   36.65314126  -71.17132341 -193.01676411  -37.12323857
   -1.23659616 -253.27609115]
[ -21.35284472 -138.1811277    36.22816892   66.80364793  -29.28185111
   10.22513903 -128.98809955 -174.01282234 -180.69587898   21.68455609
   71.38671121 -126.623556  ]
[  -7.53916737 -166.472274     10.72119932  -10.21320019   39.31860132
  -37.99033978  -95.94872418  -77.57301567 -101.01589778   30.78139281
  202.81632315  104.33597442]
[  -0.52225498 -128.67218398   -4.23441502    9.65146461   31.58568115
   61.33065741 -156.65178887  -26.36334259  -37.91450686   36.34756563
   40.7381317   127.33772465]
[  -2.72097983 -133.45516773  -13.58294022  -25.70712848  -33.6483731
 -159.13365633 -189.2266056  -329.26368722 -143.89436597  -67.53816766
    3.11749184  -19.39483636]
[   2.74427458 -153.74172635  -34.01803471 -108.52417238 -123.2722429
 -123.57857706 -220.06267409 -152.22655408 -253.44508613 -150.97157176
  164.14277642  137.66645034]
[  25.49351451  -95.41432567   -8.55769642   18.83625046   19.76999771
  -77.78028288   21.32311357   -7.23138349 -125.72022403  -18.32346152
   89.88417956  127.65934971]
[  25.20988753  -87.05683663  -30.61165575  -45.74533454  -40.88412811
  -54.01924606 -158.58351588  -72.08967136 -204.5369073  -126.72061618
  -99.58068649  -30.51206163]
[  30.34722343 -123.46663042  -42.6502468   -74.04394782   20.49482886
 -109.84429912 -113.23560773 -191.04497247 -191.69166739  -95.19979783
  -53.3779787    72.68427479]
[  27.99218264 -117.53101427 -112.77351173 -149.26134089 -142.56606499
 -221.97529755 -220.48060539 -200.7226131  -280.62004466 -221.08716416
 -215.27842908 -204.01279439]
[  38.71888523  -94.14498691  -93.6861075   -82.47811763  -42.82697524
 -146.37716662  -89.58395313 -136.02720938 -170.66351313 -233.18079399
 -170.66702478 -214.03480793]
[  63.67297028  -41.82573675  -27.3259604   -87.91994385  -85.08454182
 -194.86891964  -23.08560238 -108.83235912 -128.68971092 -123.06364337
   42.03253112  -38.6994581 ]
[  63.72527532  -12.75093479    5.80889929   52.74925241   67.25321384
 -127.03299085   16.51113825   34.38265805 -104.39292346 -161.56147301
  -30.11073034  -96.99601947]
[  60.8132546     1.29242673  -10.23740019  -84.58752613  -11.95228036
 -145.87930866 -141.07340668  -13.52475551 -163.97109851  -51.52220324
   56.87208452  -19.28918181]
[  43.67465135   16.83902027    1.98462446  -13.0318305    88.81557604
 -110.74808119   12.24171211   72.57666422  -26.76822485  -60.77438769
  -57.94103944 -161.32408659]
[  55.41854415    6.12075288  -42.76440682   18.53968267   30.85589965
 -130.54098331 -171.2705835  -192.59373014 -221.067289   -171.67259655
  -18.46827795   65.41228893]
[  12.7021264   -78.14732144 -117.62497801  -30.91224598  -40.14272527
  -55.47446129  -35.54198157  -34.55874758 -203.98224457 -157.2767841
    8.18949705  -25.25040206]
[  62.9521902    58.59246267   21.35792656  123.76924889   83.87750195
  -52.51780224   25.7915302    50.30790141   60.29838076  122.42979918
  186.18224055  155.37840734]
[  49.77256381   -1.09752948  -50.2898005    69.89261602   79.40849954
   95.82402802  108.98692038   68.94803608   -3.92577459   75.08640156
  137.11624501  231.31449688]
[  46.06682963   12.0821163   -84.87767015   58.03754617  -25.15021461
  -14.62228645   65.29443275  -24.88127792 -197.87522738   -6.11933964
  205.76703276  191.69002854]
[  32.38726132   51.9380633     8.58413289  123.43110025  -54.48212748
   33.76764693  120.54704064  -52.08456144 -116.19950477   -9.5405544
   41.88690406  -25.7605046 ]
[  56.1703878    98.97580969   40.96166302  209.6716402   117.785543
   20.58737952   50.53379099  190.28999166   31.03914082   -6.95010809
  108.02491273   45.90645122]
[  37.16716423   46.17060551  -73.2989504    70.58286563   60.08255945
   59.61710673  -21.18215013  -82.66129699  -53.49460137    0.59183698
  106.93232642  -16.32025807]
[  24.79887855   16.17311175  -82.26488558   58.54136699  -36.61979777
  -36.88954573  -49.71871343 -133.52733449 -169.96843049   57.62815299
  214.40730658  144.41802343]
[  39.02221756   23.84131786  -87.5666019    13.33429987  -75.11214181
 -117.67039079  -19.17807799  100.57016469  131.51363854  133.27973484
  146.17378974   95.17351865]
[  26.26415563   14.24861882  -92.33768697   92.17959105   61.06919099
  -54.55528003   49.20059603  157.67437599  200.83810694  177.62419199
   52.54875304   57.67330974]
[  33.10040804   25.19376895  -89.18989656  138.55422228   20.48833095
   78.39907953  110.96659358   63.13109616  -82.37275302  158.75678179
  286.76922478   76.98969757]
[  19.85600173   25.96215131  -74.3178828   122.73003788  125.33930543
  139.02858117   93.06854641   73.50318584   69.7085172    66.0603759
  162.52518939  152.33359655]
[  12.41823037   -4.99125668 -143.84904815   13.87345071    0.29047146
   21.18736816   62.48883631    9.66495149   -4.78373668   35.29481335
    3.02448746 -122.20019707]
[  11.73498162   21.25209456  -78.92472382   55.45561683   71.52486829
  107.25878714  245.42754485  167.61786521   15.60752309  117.83699409
   93.48616028    6.50536854]
[  10.76090504   13.62203306  -46.49184231   76.30261991   32.19803488
  -32.50664043   69.2900005   119.16768672   63.4274801   211.78419354
   86.97471029 -146.20942805]
[  23.57327458   32.62344711  -27.2315848   110.50082187   97.5097242
  130.91660563  171.75555424   62.06179014    9.49834251   36.41187976
  -51.65890949  -29.38963787]
[  12.02974748    8.82352012 -112.75545215   29.92354788   36.82874344
   31.81432847   62.83349481  173.92196847  134.60625316   -3.43553959
   55.75860678    1.7920638 ]
[  10.48846225   -2.01089559 -104.96270985   57.6041057     4.95801702
   46.18462912   14.39300246  140.25692118   54.25072978  185.42203899
  210.62586144   72.4827179 ]
[  14.07081468    2.84217518  -89.36178599   82.08785366   95.78219458
  155.71524439  219.92354231  149.11278174   66.7074443    80.91556646
  109.13988196  -59.60249926]
[   5.81511167   20.47403353  -64.69471714  124.42192477  116.45126822
  116.32631162  340.59762142  158.3458216   133.8979892   153.39203696
  182.39594823  132.79080879]
[   5.75418356  -13.99153351 -123.7093728     6.80650269   -5.75217698
   14.77478804   76.03465541   65.71559816    0.4764034    50.16285698
   40.11834194   82.51918361]
[  -1.69111436  -27.84172409 -132.24443818   -4.36889588  -21.9498034
   66.66835961   92.42202741   85.71707256   75.72013423  135.2520118
  122.21700077  100.55269343]
[   8.42061564  -19.20164593  -82.07302406   79.14622834  114.08556504
  175.00588593  270.55016328  153.7719544   113.58970708  241.75572352
  168.53728212  -11.14805828]
[  -2.72122168  -10.62523621  -75.77210066   96.65304698   83.2860044
  162.32654785  188.5228945   108.93141279  143.34912632    5.72036887
  -91.13662006 -170.41707734]
[  23.22494162   20.21065281  -56.88233438   57.25401752  134.24175933
  166.88285214  209.24640876  122.07631921   55.71696649  200.40642881
   97.46537762   67.26927786]
[  26.1693047    78.70964747    7.18187257   96.54893133   74.76964104
  180.56333986  201.28344407   70.84409302   79.15451448  112.20762899
  166.16977819   19.32857496]
[  10.01939172   44.21783682  -35.35582312  177.67872653  186.08799987
  213.03756225  235.53197915   75.70956281   27.73588374    9.79217079
   40.50947039    8.73109032]
[   7.88903742    4.40135527  -90.8149354    90.83993611   95.38529116
  105.35504109  182.67082711  126.96136074   32.05291825  237.40918482
  266.27685117   60.96180728]
[  -5.46938387  -17.70176187  -78.60634154   86.26660008   93.75477141
   70.74456347  188.81768577  113.84913849   23.45719229  178.06148488
   23.31114658 -206.79256724]
[   3.95585129   35.22164723  -28.20708661   78.9899091    23.30707771
   30.56157423   57.35072211    7.69315643   75.208943    123.54267243
   69.07914881    9.37353453]
[   0.96157923  -23.30411679  -94.58733228   94.76108955   98.78545982
  137.46374441  203.25670474   67.13232869   17.48070908  129.77478323
  221.8028182    95.57470567]
[   9.04670152   -5.36474183  -66.78029049  142.31774205   90.54753709
   50.961484     84.6044647   106.21132435  167.6649999   103.26971951
  183.40939385  161.79690632]
[ -17.25324848  -33.1433643  -123.20797371  -11.98042416  -14.84008494
  -24.47850221   99.82933244  129.60040343   87.48282581   88.26321624
   73.50189807   -1.16184852]
[  14.9150155    39.28086967   -2.54966319  117.44991003  102.52154567
   51.31064712  105.25549716  169.8453029   249.78960811  294.42416978
  203.58030753   20.9611882 ]
[  -7.34863917    8.76854927  -44.24466519   11.53579712   -2.83713816
  -85.59727872   49.8932306   112.67953879  142.62565488  218.26244915
  159.14780111   21.99612859]
[  24.30580996   34.59078239  -80.22442688  130.75220462  102.21262261
  121.82241452  224.59723678  266.37028492  154.99985492  116.7581477
  -13.21265434 -122.14853263]
[  11.77132503    8.36454804  -34.87869215   91.98258353  118.68643058
  104.13592654  174.40276504  115.59469957   86.11474915   96.40097468
  101.48056062   16.77368534]
[   3.46745648    1.63534811 -148.89943637    3.79744369   59.92768018
   64.52707749  123.51812677  117.00804273  -74.51197072   58.06543562
  -11.39221482  -96.60352864]
[  24.73296167   16.57199774  -82.25558508  115.06382289  156.73117944
  188.0150561   220.56408075  192.9913592    31.36063668   64.57982982
  142.65566571   67.8623743 ]
[   6.77546281   -6.61784787  -84.51531711  101.46110262   20.04345763
   11.54722389  136.86158473   32.810713     39.65301086   29.26755058
    4.0997292    23.05869677]
[   6.75473475   25.9281884   -52.36438538   46.22049329  133.28989647
  225.46494514  103.94091517   68.4970685    64.30155277  225.56646761
  163.40990645   56.87411298]
[ -14.41127551  -15.81369165 -109.53895776   30.65005724   80.14739074
  116.87725011   61.02680699    3.51976908   79.72181992  120.50853472
  -25.1703144   -78.36279644]
[ -11.60115115   -4.90374157  -88.35037459   46.74065239   66.19947326
   72.3030459   182.79738709  101.58485653  -46.77152225 -142.78639711
  -17.30796192 -159.07923616]
[  17.78364646   16.04437642  -90.57312621  124.12405051   94.3613504
   16.46935939   17.23681804  -29.11960333  -24.85798691  -47.66753281
   66.31678942  -25.55280325]
[   7.21426031   -8.13785387  -72.15385282   66.39436434   57.59563408
   61.82920315   67.88923363  119.97823056  113.99206134  108.9805319
  171.98025518  -19.42870419]
[  -2.81107986    1.00707889  -45.51668992  130.87148999  168.17826436
  185.50299459  278.42847163  162.1796753    98.59348426  131.29551233
   83.17061463   50.52299837]
[   7.36200088    9.08055661 -100.7824605    54.33993422   12.64253986
   75.34504759  204.27007837  184.75067818  142.83294357  151.54961356
  148.95599941   -1.69501996]
[   3.78737015  -19.88397466 -126.68504797   89.79787483   66.68118628
  121.08361906  142.39275585  153.93783772   80.26188082  125.6097197
  242.23477424  106.5211117 ]
[ -13.27101259   -6.98286275  -63.33644633  129.90334482  164.86373656
  124.60632609   28.92453337   -6.39046204  -41.62557761    3.14911081
   72.34601683   10.67965313]
[  -7.37592915    6.90430636  -49.78256703   90.24379326   29.93931183
   51.04716233   78.7093085   -25.10693514   62.51201638  133.87849669
  134.14675527   -7.79585112]
[  -6.43620322  -38.51805503 -176.63529954  -15.99940918   29.50700866
  158.88039193  129.58311201   24.63793892   13.91063446  -15.68802105
   77.0666686  -108.49198507]
[   8.37547532   13.3828491   -77.7730391    34.58415118  -39.91118598
  -20.63878017  179.85352344  141.02684332    7.93600887  -48.4132449
  -10.01053725   -7.55121451]
[  -7.56540491  -48.73172832 -208.00909655  -28.21190576  -30.82145618
   11.44952261  135.53540522  148.27503418  101.6137329   193.75859413
  103.85075293   -6.75676105]
[  -4.68891712   11.10458807  -95.05921304   31.89746667   65.58526472
  150.19227892  186.38624283  183.40818658  -55.13990093   43.06983193
   73.6046653   -42.85672661]
[  -5.01500485  -31.88359524 -159.07697317   18.33776169  -15.6452322
  142.99906282  184.04734572   85.9746063    46.5931032    27.38493666
  -68.64057114 -293.3183545 ]
[  -4.17858906   18.36388305  -87.25110283   57.87416306   31.64849355
  154.57497656  110.92007078   22.30102543  -95.74788399  -90.19992755
  -15.38726611  -74.50146959]
[ -31.79363581  -88.73222798 -190.32195155  -29.71945534  -14.35806419
   40.68828454   79.38768353  105.80404211   -9.7667537  -178.5742804
 -208.64291291 -379.14779666]
[  -1.03231697  -43.17437334 -125.3423868    62.10204889  -75.27161296
  -67.3058658    52.6509258    86.76603217  -57.26741033  -62.17026313
  -47.18397208 -108.19037469]
[  -1.25315215  -15.86711853 -101.40793794   83.31808556  103.40917034
  138.9170919   172.60501858  151.03354403   -2.60681191  -86.74754451
   39.44366298   41.85676934]
[   4.07921954  -27.70085438 -139.51362179   69.63724508   61.99505844
   77.83308886   69.28196462  -85.8524789  -123.1315083   -11.51019395
  139.66260796    2.84654197]
[  -4.5436592    -4.41950043  -94.72182803   -3.17303345 -110.52307842
  -55.61392758    7.14738799  -33.99592506   46.43141602   84.5852364
  102.83538471  -20.14504617]
[ -24.77933357  -58.2001867  -157.2758108   -16.72289954 -113.00534192
  -88.32112291   62.39539612    4.02143409 -137.75061194  -71.12440256
   26.57287091  -88.01980178]
[  18.20481607    7.76741509  -67.5245787    83.91206269   46.10033489
  140.48555236  176.50582672  182.83587064  -25.15556547  -19.8932767
   96.29504189  -47.45181905]
[  16.18645228   22.9166324   -35.6596625   136.09042421   86.22224664
   89.67255394  152.62253478   92.39811663   50.54591514   87.04032365
    8.63779114 -135.02440598]
[  16.43643539   36.51948051  -60.96874524   97.26225094   94.5799839
  135.83579368  143.9286903     0.24308867   20.11981629  113.62387181
  189.9868502    26.98186395]
[ -11.53608302  -32.58901124 -102.87462089   49.79830708   34.74144699
   83.7503313    93.55554297    8.41110288  -80.9161664   -23.12726782
   60.35909138  -63.01823059]
[  17.71751629   -1.52231132 -159.43784093   29.0552602    45.52235048
    7.17492704  111.64102866  120.97548594   -1.62156293   56.98201215
   70.65956021  104.66219466]
[  25.08572481   46.54009157  -39.3200681   121.14420345  129.73611869
   74.13888299  118.47983889  138.53274487   89.98850353  -18.80472442
  -35.4739507   -87.87942576]
[   5.57923872   10.44461498  -89.17969748   99.33949437   -7.47273969
    9.48006228  100.19791526  126.15312115   37.53077658   75.42259434
  165.33849571   73.10176841]
[   1.23219403    6.00878502  -55.91087239  141.78703377  215.00509614
  271.60413613  265.77720922  124.20155341    3.94728737  -19.68975972
  -90.74792865 -205.35524306]
[  12.14568794   16.10224488  -61.17007937  194.49988634  134.59720831
   64.72911397  189.75474533   82.23538976   13.92450396   29.84140679
   74.49801315   88.1055968 ]
[  13.71169256   21.92760837  -43.67198705  136.73730426  133.07132443
  108.3586878   165.8658932   218.21222525   30.14844098   52.15103468
  166.91669667  -10.03778834]
[   2.58504001  -11.64072509 -126.83478073   59.53210841   65.35741169
   84.98011777   65.73287194   49.07311015   57.22157253  124.41487184
  214.37638769  150.20765494]
[  15.07622166  -21.04010193 -106.00091893   38.54486139  -35.27907568
    9.48888152  154.21459929  193.37241919   13.63051216   18.32824005
  181.8364041    69.0995393 ]
[   8.50999781   14.75641753  -21.07107232  134.83089835  174.44399648
  101.9316071    61.71959727  -14.49827393 -107.2803624    -9.42687576
  139.83110833   11.46449924]
[   1.29102762    0.72557299  -90.28259244  104.50064601   86.73712688
   33.91144232   62.38003117   68.92941374  106.52745908  136.95758149
  135.32767204   58.08071021]
[   8.56434265   14.50235219  -76.15910164  120.64649751  105.52903761
  135.04338801  209.25708091  103.83012242  -60.36568849  -51.62649096
  -45.80755265  -50.53826436]
[  12.40586573   -8.20486057  -92.33390484   57.53458651   12.00706833
  132.95308614  145.2260994    58.29333247  -17.48004636  -77.01808498
  -40.24886507  -55.49547795]
[   7.61457008  -35.99536797 -103.93823568  101.32478078  -25.80943707
   31.28918021  250.76337741  172.93817032   77.14149908   25.04627538
  218.531452     94.78804635]
[  16.0104189    -1.54133858  -72.32743715  108.13526521   78.93814118
  134.8426417   172.87832719  153.77169011  183.29036792  173.68767018
  155.35604348   10.96641404]
[  12.80068093   25.48389443  -65.94165101  152.43808281  126.49541857
  153.36420054  165.52725412  172.5750872    95.40938702  102.16974002
  138.29326571  -94.74888231]
[ -32.78403014 -101.20679831  -84.84024705    8.24773456  -51.89970207
   52.04421117  108.96307936  -11.98285135  115.23256795   -3.66165935
   40.28571708  137.21928726]
[ -10.42718246  -66.45126407  -15.6594817    11.28915235    8.67047549
  -85.84683448    9.18274205   67.64831845 -209.8408805     9.51853859
  129.20697313  109.51789058]
[   8.39978188  -34.37809003 -139.86782724   13.46571394  -13.8696455
   32.76640355  117.65005026  177.46448031   10.77045812  153.02975593
  190.92254357   35.40523857]
[ -30.48038436  -55.96742026  -98.98126175   -4.43223692  -49.9823538
    2.66923502   96.71090762  116.58278499   25.53162594   83.68608583
   69.91300444  -57.67558769]
[ -19.97294029  -66.51084138  -11.50208138   68.22569937  -20.85247103
   21.43941857  206.19841895   40.51878405 -240.06658183   56.79699959
  130.78132052  -58.36780822]
[-155.01706613  -76.35875717   68.32677945  -88.1975194  -147.02450676
  114.23123598  385.58537297   18.0559848    67.76210313   60.80009689
  254.81255894   53.71394931]
[-104.75788005  -42.45285275   74.98867727  -67.96999995  -45.12585025
   38.98292359  315.7495547   -69.82812108  -55.89649931 -134.9010901
 -100.1001137   138.30744689]
[ -32.87218011   17.94094256   95.09763288 -139.62746107   30.35156427
   55.70575402  211.37866048  -16.81405653  121.07474989   73.1642799
  -56.89258865  -53.09744262]
[ -50.97375873  -27.85633633   69.59079656  -52.36264021   29.16126119
   91.39397559  153.98722925  -59.40696308   42.23493615   52.03578738
  130.19435516  179.22693579]
[ -19.97659615   12.21889815   82.28621026  -17.65326068  -16.92270925
   40.05750331  117.75019759 -105.82200448  192.1676274   161.41382386
   32.73381294  101.51070335]
[ -11.55801566   24.27638682  119.27224765   68.60688238  119.59762819
  206.66119205  167.88111417  -53.10753574  141.05904085   64.71302122
  -21.50219668  -11.88036396]
[ -19.665801     -8.06863998   40.8245374   -12.40670426   90.7012293
  214.86210595  261.74528809  100.96625477  188.94071385   -0.45463827
   39.75362317   91.12894365]
[  -2.3627415     4.3173226    41.87788782   55.76142552  180.34095034
  189.80964844  283.98131035   95.99316262  203.90414432  137.71922984
   -8.92573912  -56.2563743 ]
[ -26.40649654  -41.59804409  -27.67223461  -43.7951465   -10.44843604
   32.27372703   23.50833367  -54.52742309  153.52831408   61.7973554
  -53.5540513    56.63511404]
[  -7.72386591   -9.64757681  -78.82173312  -35.23124611   28.31542864
  166.85564294  251.98976655   39.83953633   -7.56901244   52.32083073
   -2.95593662  -74.55739087]
[ -7.70961197e+00   2.76509846e+00   2.06801691e+01  -1.95037113e-02
  -5.16962194e+01   4.08992551e+01   5.90191065e+01   1.25021731e+01
   6.45960910e+01   1.06662347e+02   1.96830860e+02   4.56882241e+01]
[  -7.05254008   27.79618926  -21.15037803  -25.68427854   46.44739775
  127.17088178  110.46790749   16.91029546   63.06153626   -9.23989036
   58.82084811   74.62050257]
[  20.84018906   54.6747897    16.36320431   96.89846526  132.35920808
  190.2770285   139.05518345  124.46901653  111.87540409  121.47023876
  147.98733392  145.12058801]
[  -9.93390015  -17.20038027  -13.79302077  102.32524289  177.02950932
   94.99036803  135.90317468  109.27936293  221.12747038  107.75104385
  160.33449996   86.16579204]
[  -1.75538456  -10.84575422  -80.56990084    1.20919245  -18.13795996
   44.62388641  111.77296733  176.36625919  245.90163753  120.01757744
  194.96344418   23.93855046]
[  -9.21416318  -56.90733321 -162.55007394  -48.80173371  -51.0330287
   19.83833774   51.89855115    2.12487933  -19.24629628   39.54513338
  170.22496997  -82.01110937]
[ -17.60779751  -50.76361561 -171.64505512  -67.72852266 -107.54259524
  -40.54827039   -4.95966027   52.72999412   89.8919549     7.8612006
  -28.34570293   42.49648126]
[ -15.36679935  -89.25017753 -208.04103011  -76.81755686 -146.84785864
  -69.57842449  -36.53108936 -225.9767698  -325.7255693   -89.09066907
   77.65332326 -110.33211375]
[  -7.37801334  -18.94014591  -33.81972409  124.60130358  113.08959278
  235.16988662  280.05021217  146.42355753   -8.16352388   85.58524959
  172.52667298  112.47927457]
[  -0.45469121  -65.03895235 -184.42826384  -96.10608335 -142.63557046
  -10.45920554  -88.3413952  -130.5880416  -135.61497685  -51.83258302
 -129.65308365 -207.65337876]
[   9.40862061   -2.40885355  -83.24328013  162.32024081   75.77798604
   85.44949878   94.12677728   81.15026244   36.05156558   11.23591706
  -18.48627339    6.86506347]
[  -9.30664045  -31.63087675 -122.67659414   86.83968831   -7.03881446
   44.93058179   87.76084711   67.30594015   68.53724949   14.66205145
   42.42716837  -67.86396346]
[   3.06277082   -4.58341215 -162.80209204    6.0692035     7.93581489
   -1.2375023    99.08796065   66.83699649  -59.69132228  -65.05680838
   30.55513375  -15.04498963]
[   0.8794007   -23.7875808  -173.36629179  -21.7644579   -56.79889322
   -1.19751436   31.3131119    37.03237282  -87.30429817 -188.75352203
 -137.41805572 -174.43295714]
[   4.20010554   15.20409124  -50.0175324   103.60495603   -3.83908144
  -17.48951191  -11.11290038  -79.65071168 -124.20007037   53.71142035
   75.23805172   61.47611078]
[   3.03718396  -12.89645624  -71.64660081  101.33949832  104.25670302
  119.19485251  155.99925089   29.72245357   19.83354118  186.5807633
  217.20822081  190.42280325]
[  15.86778237   19.22648593  -65.11191792   99.22727178   79.3005753
   85.96384669  120.60643034   36.92477449   73.60264742   84.4350028
   60.40230808   -0.32759397]
[   3.79227005  -18.23138585  -81.42126221  130.81633632  137.7010023
  188.10246759  155.53137539   80.16769793   41.65803224   48.28920951
  141.51380702   61.67590767]
[  1.90181717  42.55300865 -36.2992368   89.97764435 -42.21219724
 -65.08982751  97.44534243  50.3227488   79.23098512 -31.07523181
  41.98025321 -19.98446668]
[ -18.41341924  -37.07216516  -99.40178467   32.25390342  -28.97793893
  -60.26988801  -23.51176991  -21.32814419  -79.7207647   -88.385277
  -95.83049349 -177.5269558 ]
[   3.42223207   12.37155773  -82.878383     59.08286957   81.74605782
  137.69345869  195.15545764  229.01403153   51.21541279  -44.78721147
  154.55677592   29.67468437]
[   6.1855501   -11.47092161  -83.20974067  102.57090923  104.61893374
   43.2346916   175.12195924  129.19787576  135.3917498   146.51883524
  119.19025113   94.35598982]
[  -1.28357396  -22.84650067 -103.96192372    2.76957379  -62.24736561
   65.72751565  130.95354672   37.73763653   61.24722271  119.61056605
  203.48823564   61.09691804]
[   4.55041519  -28.9550196  -163.82602732  -53.38429702  -18.36540214
   47.03607617   18.27817612 -120.65546707 -104.35367799   -1.75911501
   95.21420566   25.93735752]
[  -4.12813222  -41.72987709 -153.59346788   -9.96461748 -108.08219599
  -54.88424814   18.83908461 -107.12849281 -195.02827683  -58.50153584
    6.81136243  -62.72419036]
[  -6.9254849   -29.84264914 -144.09330348   -2.1485128   -57.64220038
  -89.84384961 -136.2271053   -41.66052183  -14.37204483 -114.69626016
 -204.21101452 -242.68334909]
[  -5.73487361  -29.43582027 -117.00141825   72.81192248   -2.39379355
  -59.55461173   68.3267189    74.64799559    2.0731197    61.30759132
   71.24828637 -194.40238718]
[   4.49188189  -34.53702443 -139.83990463    9.92169303  -69.32217916
  -69.0153272   -51.2159764  -170.24526396 -225.27346201  -15.09462967
   61.04179815  -49.24493701]
[  13.34495457    0.34008802 -173.43472754  -25.06682778  -63.70233566
  -24.30070694  -73.31976715 -155.78376843  -29.14549469   69.05814714
  146.87372186  -16.43488292]
[   7.3959479   -16.80912138 -174.13780839   45.47715876  111.26738048
   86.84511447   80.27194081   56.8169703    26.02981772   97.1332413
  148.07200424 -108.56451418]
[   4.29873051  -20.21398561 -163.47842229  -25.20387523   29.14477663
   78.06780377  126.60494569  129.6959013   -16.98996442  -11.89589764
  188.30413144  108.51549972]
[   1.27009802   -2.57870896 -141.42814031    6.32598954   -2.61045963
   -4.0027758   124.13960215  -24.6372503   -34.96178325   89.26386557
  242.03257419    1.10925806]
[  -7.11019315  -28.12167809 -167.13979345   -6.53447841   29.66225949
   64.6146384    10.83535926  -97.94721214 -143.55559715 -117.85112517
  -98.698379    -26.77285577]
[  -6.53227082    6.30204264 -133.90893659  -25.60997657 -101.17923766
  -77.46032244   57.58025545  177.71804692   41.39598791   44.65371653
   18.80039793   23.90316532]
[   4.77193289    5.3152294   -84.23586322  132.80669162  179.82350197
  139.96108037  233.63254754   88.10132667   58.77710194   41.53168663
   76.24924669  -61.64922185]
[  10.0643536    18.46507749  -93.07430913  115.89632428   34.36177722
   29.89920685  156.06374827  110.8452548    35.43780151  118.28911793
  164.38011844   47.1756593 ]
[   7.6428667     4.72931216 -130.0617917   153.45618834   37.04754803
  -38.64092125   95.26283812    8.06605231  -33.07724613    7.88407949
   -3.34184263  -35.99393817]
[  28.03225652   22.58335473  -76.82685977  127.16716428  165.64023633
   96.81538696  161.63088999  -28.82511902   31.57383732   32.06537102
  125.07141182   25.09569952]
[  20.66062294   43.25430295  -82.54171473  117.38423716   86.28815922
   24.54780577  166.20134187    7.8027772    15.81792092  133.69651725
  123.10565446   91.75257764]
[ -21.38047257   -0.96104043 -121.78220422   55.06764143    0.70968633
  -37.0510187    83.90760523   -4.26861698   12.15699026  -98.86732768
 -131.34068248 -214.40729555]
[   5.16120522    9.67000621  -90.2590314    56.87143803  149.94549249
  150.19694586  254.11845439  212.81569809   54.76956316   30.66011591
   29.10638688   84.11982168]
[  11.803843      0.83040965  -67.31140483  112.17794657   87.70216507
   62.97412054  162.83354102  163.67064413  122.49989427   71.13265488
  150.42291972   34.93148898]
[  -6.8882796   -24.53121275 -142.98223552  -24.48181302  -64.11669149
  -16.53103686  163.63702045   57.65656825   52.99876415   78.21761675
  111.66481779   18.30536247]
[   0.98696367    1.57231032 -109.31928      23.25482257   63.27562233
   -3.54320012  246.55896817  288.58102538   62.74635932   34.59206467
  166.23186158   67.47802152]
[ -14.32964346  -21.43800682 -138.02063512  -22.1667435    -7.34499618
  -63.81497841   79.43629419    3.14549714  -31.66562955   26.62274218
  145.67904333   64.34932335]
[  16.29644957   19.40090946  -77.83096256   74.15073121  127.86605187
   53.3768423   127.76683409   27.16429252   72.43373206    1.66241793
  -22.83665977  -28.42522357]
[  -8.1290571   -26.6673186  -176.09465973   13.36603186  -59.3459267
  -97.73149982   64.33224985   45.33133316  119.62665306   13.32755882
   -1.89156468  -19.41651532]
[ -6.83821045   8.41110006 -86.02369095  64.64874775  63.06668278
 -17.97128222  77.33685066  -8.73820652 -66.39877106  58.719697
  57.58559874 -43.46811485]
[  -8.17295156   19.14312121  -85.16505357   46.69645973   56.96677626
  -37.86389661  183.2298761    66.39221159  -53.67616676  -20.19678318
   20.39225415  -85.42602783]
[  -5.60757119  -15.74872796 -103.34134204   72.89076299   50.28349211
  -45.35943302   88.34446806   73.46653924   37.30462308   98.81059845
  205.29510439  -57.30973642]
[ -12.14174877  -44.50904034 -124.1584834    -5.05727674  -49.18168934
 -112.05900154   23.55901782    9.28418884   27.03162982  -14.30327699
   77.68401058   25.92320702]
[  -4.75736645  -12.63293536 -101.03907178  135.95757936  165.87519857
   13.58519087  154.23100455  122.22278182  112.83496686  157.3996717
  108.72852757 -116.80017723]
[   6.10917187   12.07435167 -116.49468609   40.22742554  104.59073246
   28.01654695   58.8933116   -46.37935434  -68.14527167  -62.49178701
  -70.29511182 -212.22057009]
[  2.02220651  -9.29186959 -81.71127181  28.90491605  -0.4251705
   0.48211269  55.10859239 -14.54362032 -76.59745324  -3.8332516
  46.62694105 -13.7587219 ]
[ 16.84394716  31.368774   -83.56681249  99.85791808  90.85765737
  49.37591821  82.16322819  15.31362619 -49.51798722  30.01551356
  68.81302118  27.03409527]
[  23.02023136   19.23384663  -74.61336888   61.35441601  113.15475256
   65.7891413   116.68840641  114.80601624   28.22668397   61.11269251
  150.2341367    69.14663281]
[  -3.13934787  -15.40433732 -129.94936599   78.37199282  -13.426478
  -71.40938074   74.30014628   36.53851564   43.08346022    4.669239
   61.16442382 -162.4538822 ]
[   6.48514296  -19.31705724 -131.73610101   56.39433262   72.62343572
  102.23437397  118.42512266   56.18592401  183.96471858  121.080514
  140.57400371 -103.12310971]
[  16.86022878   -5.44977036 -150.85917295   46.80778993   16.54533941
   42.79482079   49.59538628   51.16143514   12.24752546   68.08334579
  125.85036887    5.71961374]
[  13.3856401   -13.83824693 -125.55118729   28.35175744   14.27717216
  -47.98594812   20.48394932   82.38979387   21.31507139   -0.12624469
  101.21706163   46.27328422]
[  16.89504752    8.02549767  -92.41443273    1.45871905   44.26993702
  101.89793879   91.69595618    3.47459497  -46.92987053   94.74632387
   61.27400032   42.84296368]
[  -7.38361369  -39.1001319  -178.00804935  -78.35541691  -87.2509174
  -14.75899693  -62.68709157 -130.09215999 -183.61316544  -92.66547975
   -7.64534991 -107.52554453]
[   8.61918843   14.94755068  -98.44822836  119.08207335  111.78337241
   31.91456586   48.03829151   21.01307803 -118.48291891  -18.20212785
   25.22322111 -108.86440052]
[   8.47607221    2.05908501  -74.38320305   50.22513356   48.21031334
   49.77772624    6.89018399  -11.58003328  -67.70853253   78.34056597
  172.75131365  110.37394065]
[   2.77181069    9.79063888 -120.22455179   37.99095273  130.16307619
  124.50947045   23.27746864   37.75283618   -3.96162201   50.4978717
  111.6993556    12.53102565]
[  -5.49998178  -32.81332286 -113.40946225   -5.52580266  -39.62215687
  -92.04380545  -54.1896681   -35.5275769  -115.63589103  -77.06876305
  -20.09640276 -167.27767309]
[  20.37447183   15.66966662 -128.16016819   19.80456146   12.12098094
  152.70425961  142.97231918   33.85850268  -99.38856969   25.93595293
   53.2076335     9.24132749]
[  26.21885817   15.66971934  -88.94679947  113.81936079  114.41555675
  150.70786609  186.158127    210.29507614   85.03641577   68.26979624
  181.66548496  -40.31454223]
